File : Instances/p1
Use 8 s

8848

1 1 1 1 1 0 1 0 1 0 
8 2 1 6 3 8 2 4 4 1 4 0 3 2 8 3 2 0 6 4 3 4 6 4 2 6 1 6 0 1 2 6 0 3 4 4 4 3 0 4 3 8 1 6 4 0 2 0 4 0 

File : Instances/p2
Use 8 s

7914

1 1 1 1 1 0 1 0 1 0 
8 2 1 6 3 8 2 4 4 1 4 0 3 2 8 3 2 0 6 4 3 4 6 4 2 6 1 6 0 1 2 6 0 3 4 4 4 3 0 4 3 8 1 6 4 0 2 0 4 0 

File : Instances/p3
Use 8 s

9314

1 1 1 1 1 0 1 0 1 0 
8 2 1 6 3 8 2 4 4 1 4 0 3 2 8 3 2 0 6 4 3 4 6 4 2 6 1 6 0 1 2 6 0 3 4 4 4 3 0 4 3 8 1 6 4 0 2 0 4 0 

File : Instances/p4
Use 6 s

10795

1 1 1 1 1 0 1 0 0 0 
2 2 1 6 3 0 2 4 4 1 4 0 3 2 0 3 2 0 6 4 3 4 6 4 2 6 1 6 0 1 6 6 0 3 4 4 4 3 0 4 2 0 1 6 4 0 2 0 4 3 

File : Instances/p5
Use 8 s

8838

1 1 1 1 1 0 1 0 1 1 
8 8 1 6 3 8 2 4 4 1 9 8 3 2 8 3 2 0 9 9 3 8 6 4 2 6 1 1 0 1 2 6 0 3 9 4 4 3 0 4 1 8 1 6 4 0 9 3 4 0 

File : Instances/p6
Use 7 s

7777

1 1 1 1 1 0 1 1 1 1 
8 8 1 6 3 8 2 4 4 1 9 8 3 2 8 3 4 0 9 7 3 8 6 4 2 6 1 1 0 1 2 6 0 3 9 4 4 3 0 4 1 8 1 6 7 0 2 3 7 0 

File : Instances/p7
Use 7 s

9488

1 1 1 1 1 0 1 0 1 1 
8 8 1 6 3 8 2 4 4 1 9 8 3 2 8 3 2 0 9 9 3 8 6 4 2 6 1 1 0 1 2 6 0 3 9 4 4 3 0 4 1 8 1 6 4 0 9 3 4 0 

File : Instances/p8
Use 7 s

11088

1 1 1 1 1 0 1 0 1 1 
8 8 1 6 3 8 2 4 4 1 9 8 3 2 8 3 2 0 9 9 3 8 6 4 2 6 1 1 0 1 2 6 0 3 9 4 4 3 0 4 1 8 1 6 4 0 9 3 4 0 

File : Instances/p9
Use 5 s

8593

1 1 0 0 1 0 1 0 1 1 
8 8 1 6 1 8 0 4 4 1 9 8 0 8 8 0 4 0 9 4 1 8 6 4 1 6 1 1 8 1 9 6 0 0 9 4 4 1 8 4 1 8 1 6 4 0 9 0 4 0 

File : Instances/p10
Use 7 s

7627

1 1 1 1 1 0 1 0 1 0 
8 8 1 6 3 8 2 4 4 1 4 8 3 2 8 3 2 0 6 4 3 8 6 4 2 6 1 1 0 1 2 6 0 3 4 4 4 3 0 4 1 8 1 6 4 0 2 0 4 0 

File : Instances/p11
Use 7 s

8938

1 1 1 0 1 0 1 0 1 0 
8 8 1 6 1 8 2 4 4 1 4 8 0 2 8 0 2 0 6 4 1 8 6 4 2 6 1 1 0 1 2 6 0 2 4 4 4 0 0 4 1 8 1 6 4 0 2 0 4 0 

File : Instances/p12
Use 8 s

10252

1 1 0 0 1 0 1 0 1 0 
8 8 1 6 1 8 1 4 4 1 4 8 0 8 8 0 4 0 6 4 1 8 6 4 1 6 1 1 0 1 6 6 0 0 4 4 4 0 8 4 1 8 1 6 4 0 6 0 8 0 

File : Instances/p13
Use 18 s

8294

1 0 0 0 0 0 0 0 0 1 1 0 1 1 0 1 0 1 0 1 
0 12 10 10 19 13 17 13 12 17 15 19 19 10 13 12 15 10 17 9 12 15 15 19 9 19 0 17 19 17 13 15 13 0 12 10 17 19 19 13 9 0 15 0 9 13 12 10 19 9 

File : Instances/p14
Use 17 s

7137

0 0 0 1 0 0 0 0 0 1 1 0 0 1 1 1 1 1 0 1 
16 3 10 10 19 13 17 13 14 17 15 19 19 10 13 3 15 10 17 9 14 15 15 19 9 17 16 17 3 17 13 15 13 16 3 10 3 19 19 13 9 16 15 16 3 13 14 10 19 9 

File : Instances/p15
Use 17 s

8862

0 0 0 1 0 0 0 0 0 1 1 0 0 1 0 1 1 1 0 1 
16 3 10 10 19 15 17 13 3 17 15 19 19 10 13 3 15 10 17 9 3 15 15 19 9 17 16 17 3 17 13 15 13 16 3 10 3 19 19 13 9 16 16 16 3 13 15 10 19 9 

File : Instances/p16
Use 20 s

10524

0 0 0 0 0 0 0 0 0 1 1 0 1 1 0 1 1 1 0 1 
16 12 10 10 19 13 17 13 12 17 15 19 19 10 13 12 15 10 19 9 12 15 15 19 9 17 16 17 17 17 13 15 13 16 12 10 17 19 19 13 9 16 15 16 9 13 12 10 19 9 

File : Instances/p17
Use 17 s

8294

1 1 0 0 0 0 0 0 0 1 1 0 1 1 0 1 0 1 0 0 
0 12 10 10 1 12 17 13 12 17 15 1 1 10 13 12 15 10 17 9 12 15 15 1 9 1 0 17 1 17 13 15 13 0 12 10 17 1 1 13 9 0 15 0 9 15 12 10 13 9 

File : Instances/p18
Use 16 s

7152

0 0 0 1 0 0 1 0 0 0 1 0 0 1 1 1 1 1 0 1 
16 3 10 10 19 15 17 13 14 17 15 19 19 6 13 3 15 10 17 6 14 15 15 19 6 17 16 17 3 17 13 15 13 16 3 10 3 19 19 13 6 16 15 16 3 13 14 10 19 6 

File : Instances/p19
Use 16 s

8907

0 0 0 1 0 0 0 0 0 1 1 0 0 1 0 1 1 1 0 1 
16 3 10 10 19 13 17 13 3 17 15 19 19 10 13 3 15 10 17 9 15 15 15 19 9 17 16 17 3 17 13 15 13 16 3 10 3 19 19 13 9 16 15 16 9 13 3 10 19 9 

File : Instances/p20
Use 17 s

10514

1 0 0 1 0 0 1 0 0 0 1 0 0 1 0 1 0 1 0 1 
0 3 10 10 19 13 17 13 3 17 15 19 19 6 13 3 15 10 17 6 15 15 15 19 6 17 0 17 3 17 13 15 13 0 3 10 3 19 19 13 6 0 15 0 3 13 10 10 19 6 

File : Instances/p21
Use 17 s

8171

1 1 0 0 0 0 0 0 0 1 1 0 0 1 0 1 0 1 0 0 
0 1 10 10 1 15 17 13 10 17 15 1 1 10 13 1 15 10 17 9 15 15 15 13 9 17 0 17 1 17 13 15 13 0 1 10 17 1 1 13 10 0 0 0 9 13 15 10 1 9 

File : Instances/p22
Use 16 s

7178

1 0 0 1 0 0 1 0 0 0 1 0 0 1 0 1 0 1 0 1 
0 3 10 10 19 15 17 13 3 17 15 19 19 6 13 3 15 10 17 6 15 15 15 19 6 17 0 17 3 17 13 15 13 0 3 10 3 19 19 13 6 0 0 0 3 13 15 10 19 6 

File : Instances/p23
Use 14 s

8774

0 0 0 1 0 0 0 0 0 1 1 0 0 1 0 1 1 1 0 1 
16 3 10 10 19 15 17 13 3 17 15 19 19 10 13 3 15 10 17 9 15 15 15 19 9 17 16 17 3 17 13 15 13 16 3 10 3 19 19 13 10 16 15 16 3 13 15 10 19 9 

File : Instances/p24
Use 19 s

10463

1 1 0 0 0 0 1 1 0 0 0 0 0 1 0 0 0 1 0 0 
0 1 7 7 1 13 17 13 6 17 7 17 1 6 13 1 7 7 17 6 1 7 7 13 6 17 0 17 1 17 13 7 13 0 1 6 17 1 1 13 6 0 0 0 1 13 7 6 13 6 

File : Instances/p25
Use 106 s

11639

1 0 1 0 0 1 0 0 0 0 0 1 0 0 1 0 0 1 0 0 1 0 0 0 1 0 0 0 0 0 
20 11 20 2 20 5 2 24 14 17 24 20 20 20 0 14 14 17 5 11 2 0 5 0 5 20 2 24 5 24 5 11 20 11 20 20 24 24 0 14 0 14 24 14 24 14 0 20 11 14 5 14 14 5 20 20 17 11 0 14 0 5 20 11 11 11 24 0 24 24 20 20 11 17 24 20 24 20 14 24 20 0 20 17 0 17 17 0 20 5 2 24 17 11 0 24 2 0 11 20 20 0 17 11 2 5 0 11 14 14 14 14 2 11 11 11 24 24 24 24 5 14 11 20 20 0 5 24 0 11 0 11 24 5 14 14 0 5 20 17 0 20 20 14 14 11 11 5 2 5 

File : Instances/p26
Use 99 s

10776

1 0 0 0 0 1 0 0 1 0 0 1 0 0 1 0 0 1 0 0 1 0 0 0 1 0 0 0 0 0 
20 11 20 14 20 5 14 24 14 17 24 8 8 20 0 14 14 17 5 11 14 0 5 0 5 8 17 24 5 24 5 11 20 11 20 20 24 24 11 14 0 14 24 8 24 14 0 20 11 8 5 14 14 5 20 20 17 11 11 14 0 5 20 11 11 11 24 0 5 24 20 20 11 0 24 8 24 20 14 24 20 0 20 17 0 17 0 0 20 5 0 24 0 11 0 5 14 0 11 20 8 0 17 11 14 5 0 11 14 8 14 14 17 11 11 11 24 24 24 24 5 8 11 20 8 0 5 24 0 11 0 11 24 5 8 14 0 5 20 17 0 8 20 14 8 11 11 5 17 5 

File : Instances/p27
Use 101 s

12336

1 0 0 0 0 1 0 0 0 0 0 1 0 0 1 0 0 1 0 0 1 0 0 0 1 0 0 0 0 0 
20 11 20 14 20 5 0 24 14 17 24 20 20 20 0 14 14 17 5 11 14 0 5 0 5 20 17 24 5 24 5 11 20 11 20 20 24 24 11 14 0 14 24 11 24 14 11 20 11 14 5 0 14 5 20 20 17 11 11 14 0 5 20 11 11 11 24 0 24 24 20 20 11 0 24 20 24 20 0 24 20 0 20 17 0 17 0 0 20 5 0 24 0 11 0 24 14 11 11 20 20 0 17 11 0 5 0 11 14 14 14 14 17 11 11 11 24 24 24 24 5 14 11 20 20 11 5 24 11 5 0 11 24 5 14 14 11 5 20 17 0 20 20 14 14 11 11 5 17 5 

File : Instances/p28
Use 105 s

13736

1 0 0 0 0 1 0 0 0 0 0 1 0 0 1 0 0 1 0 0 1 0 0 0 1 0 0 0 0 0 
20 11 20 14 20 5 0 24 14 17 24 20 20 20 0 14 14 17 5 11 14 0 5 0 5 20 17 24 5 24 5 11 20 11 20 20 24 24 11 14 0 14 24 11 24 14 11 20 11 14 5 0 14 5 20 20 17 11 11 14 0 5 20 11 11 11 24 0 24 24 20 20 11 0 24 20 24 20 0 24 20 0 20 17 0 17 0 0 20 5 0 24 0 11 0 24 14 11 11 20 20 0 17 11 0 5 0 11 14 14 14 14 17 11 11 11 24 24 24 24 5 14 11 20 20 11 5 24 11 5 0 11 24 5 14 14 11 5 20 17 0 20 20 14 14 11 11 5 17 5 

File : Instances/p29
Use 102 s

12548

1 0 1 0 0 1 1 0 1 0 0 1 0 0 1 0 0 1 0 0 1 0 0 0 1 1 0 0 0 0 
20 11 6 2 20 5 2 24 14 17 25 8 8 20 2 14 14 17 25 11 2 0 25 17 25 8 2 24 5 5 25 25 6 25 20 20 24 24 0 14 0 14 24 8 24 14 0 20 11 8 25 14 14 5 6 20 17 11 0 14 0 5 20 11 11 11 24 0 25 25 8 6 11 17 24 8 5 20 2 5 20 0 20 17 2 17 17 0 20 5 2 24 17 11 17 5 2 2 25 8 8 17 17 25 2 25 17 11 14 8 14 14 2 11 11 25 24 24 5 24 5 8 25 20 8 0 5 24 0 11 0 11 24 11 8 14 17 5 20 17 0 8 20 14 8 25 25 5 2 5 

File : Instances/p30
Use 139 s

11337

1 0 1 0 0 1 0 0 1 0 0 1 0 0 1 0 0 1 0 0 1 0 0 0 1 1 0 0 0 0 
20 11 8 2 20 5 2 24 14 17 25 8 8 20 17 14 17 17 25 11 2 0 25 0 25 8 2 24 5 5 25 25 8 25 20 20 24 24 0 14 0 14 24 2 24 14 0 20 11 8 25 2 14 5 8 20 17 25 11 14 0 5 20 11 11 11 24 0 25 25 8 20 11 17 24 8 5 20 2 5 20 0 8 17 17 17 17 0 20 5 2 24 17 11 17 5 2 0 11 8 14 17 17 25 2 25 0 11 14 14 14 2 2 11 11 11 24 24 5 24 5 14 25 20 8 0 5 24 0 11 0 11 24 25 14 14 0 5 20 17 0 8 20 14 8 25 25 5 2 5 

File : Instances/p31
Use 189 s

13378

1 0 1 0 0 1 0 0 1 0 0 1 0 0 1 0 0 1 0 0 1 0 0 0 1 1 0 0 0 0 
20 11 8 2 8 5 2 24 14 17 5 8 8 20 17 14 17 17 25 11 2 0 11 0 25 8 2 24 5 5 25 25 8 25 20 20 24 24 0 14 0 14 24 2 24 14 11 8 11 8 25 2 14 5 20 20 17 25 0 14 0 5 20 11 11 11 24 0 24 25 8 20 11 17 24 8 24 20 2 5 20 0 8 17 17 17 17 0 20 5 2 24 17 11 17 5 2 0 25 14 14 17 17 25 2 25 0 11 14 14 14 2 2 11 11 11 24 24 5 24 5 8 25 20 8 0 5 25 0 11 0 0 24 25 14 14 0 5 20 17 0 8 20 14 8 25 25 5 2 5 

File : Instances/p32
Use 182 s

15376

1 0 1 0 0 1 0 0 1 0 0 1 0 0 1 0 0 1 0 0 1 0 0 0 1 1 0 0 0 0 
20 11 8 2 20 5 2 24 14 17 5 8 8 20 17 14 17 17 25 11 2 0 25 0 25 8 2 24 5 5 25 25 2 25 20 20 24 24 0 14 0 14 24 14 24 14 0 20 11 14 25 2 14 5 8 20 17 11 11 14 0 5 20 11 11 11 24 0 24 25 8 20 11 17 24 8 24 20 2 5 20 0 8 17 17 17 17 0 20 5 2 24 17 11 17 5 2 0 11 8 14 17 17 25 2 25 0 11 14 14 14 14 2 11 11 11 24 24 5 24 5 8 25 20 8 0 5 25 0 25 0 11 24 25 8 14 0 5 20 17 0 8 20 14 8 11 25 5 2 5 

File : Instances/p33
Use 101 s

11632

1 0 0 0 0 1 0 0 1 0 0 1 0 0 1 0 0 1 0 0 1 0 0 0 1 0 0 0 0 0 
20 11 20 14 20 5 17 24 14 17 5 8 8 20 0 14 14 17 5 11 14 0 5 17 5 8 17 24 5 24 5 11 8 11 20 20 24 24 0 14 0 14 24 8 24 14 0 20 11 8 5 14 14 5 20 20 17 11 0 14 0 5 20 11 11 11 24 0 5 5 8 20 11 17 24 8 24 20 14 24 20 0 20 17 17 17 17 0 20 5 17 24 17 11 0 24 14 17 11 20 8 17 17 11 17 5 0 11 14 8 14 14 17 11 11 11 24 24 24 24 5 8 11 20 8 0 5 24 0 11 0 11 24 5 8 14 0 5 20 17 0 8 20 14 8 11 11 5 17 5 

File : Instances/p34
Use 103 s

10635

1 0 0 0 0 1 0 0 1 0 0 1 0 0 1 0 0 1 0 0 1 0 0 0 1 0 0 0 0 0 
20 11 20 14 20 5 17 24 14 17 5 8 8 20 0 14 14 17 5 11 14 0 5 17 5 8 17 24 5 24 5 11 8 11 20 20 24 24 0 14 0 14 24 8 24 14 0 20 11 8 5 14 14 5 20 20 17 11 0 14 0 5 20 11 11 11 24 0 24 5 8 20 11 17 24 8 24 20 14 24 20 0 20 17 17 17 17 0 20 5 17 24 17 11 0 5 14 17 11 20 8 17 17 11 17 5 0 11 14 8 14 14 17 11 11 11 24 24 24 24 5 8 11 20 8 0 5 24 0 11 0 11 24 5 8 14 0 5 20 17 0 8 20 14 8 11 11 5 17 5 

File : Instances/p35
Use 100 s

12235

1 0 0 0 0 1 0 0 1 0 0 1 0 0 1 0 0 1 0 0 1 0 0 0 1 0 0 0 0 0 
20 11 20 14 20 5 17 24 14 17 5 8 8 20 0 14 14 17 5 11 14 0 5 17 5 8 17 24 5 24 5 11 8 11 20 20 24 24 0 14 0 14 24 8 24 14 0 20 11 8 5 14 14 5 20 20 17 11 0 14 0 5 20 11 11 11 24 0 24 5 8 20 11 17 24 8 24 20 14 24 20 0 20 17 17 17 17 0 20 5 17 24 17 11 0 5 14 14 11 20 8 17 17 11 17 5 0 11 14 8 14 14 17 11 11 11 24 24 24 24 5 8 11 20 8 0 5 24 0 11 0 11 24 5 8 14 0 5 20 17 0 8 20 14 8 11 11 5 17 5 

File : Instances/p36
Use 99 s

13835

1 0 0 0 0 1 0 0 1 0 0 1 0 0 1 0 0 1 0 0 1 0 0 0 1 0 0 0 0 0 
20 11 20 14 20 5 17 24 14 17 5 8 8 20 0 14 14 17 5 11 14 0 5 17 5 8 17 24 5 24 5 11 8 11 20 20 24 24 0 14 0 14 24 8 24 14 0 20 11 8 5 14 14 5 20 20 17 11 0 14 0 5 20 11 11 11 24 0 5 5 8 20 11 17 24 8 24 20 14 24 20 0 20 17 17 17 17 0 20 5 17 24 17 11 0 5 14 14 11 20 8 17 17 11 17 5 0 11 14 8 14 14 17 11 11 11 24 24 24 24 5 8 11 20 8 0 5 24 0 11 0 11 24 5 8 14 0 5 20 17 0 8 20 14 8 11 11 5 17 5 

File : Instances/p37
Use 99 s

11326

1 0 0 0 0 1 0 0 0 0 0 1 0 0 1 0 0 1 0 0 1 0 0 0 1 0 0 0 0 0 
20 11 20 14 20 5 17 24 14 17 24 20 20 20 17 14 14 17 5 11 14 0 5 17 5 20 17 24 5 24 5 11 20 11 20 20 24 24 0 14 0 14 24 14 24 14 0 20 11 14 5 14 14 5 20 20 17 11 11 14 0 5 20 11 11 11 24 0 24 24 20 20 11 17 24 20 24 20 14 24 20 0 20 17 17 17 17 0 20 5 17 24 17 11 17 24 14 14 11 20 20 17 17 11 17 5 17 11 14 14 14 14 17 11 11 11 24 24 24 24 5 14 11 20 20 0 5 24 0 5 0 11 24 5 14 14 17 5 20 17 0 20 20 14 20 11 11 5 17 5 

File : Instances/p38
Use 98 s

10594

1 0 0 0 0 1 0 0 1 0 0 1 0 0 1 0 0 1 0 0 1 0 0 0 1 0 0 0 0 0 
20 11 20 14 20 5 17 24 14 17 24 8 8 20 17 14 14 17 5 11 14 0 5 17 5 8 17 24 5 24 5 11 20 11 20 20 24 24 0 14 0 14 24 8 24 14 0 20 11 8 5 14 14 5 20 20 17 11 0 14 0 5 20 11 11 11 24 0 5 24 20 20 11 17 24 8 24 20 14 24 20 0 20 17 17 17 17 0 20 5 17 24 17 11 17 5 14 17 11 20 8 17 17 11 17 5 17 11 14 8 14 14 17 11 11 11 24 24 24 24 5 8 11 20 8 0 5 24 0 11 0 11 24 5 8 14 17 5 20 17 0 8 20 14 8 11 11 5 17 5 

File : Instances/p39
Use 107 s

11951

1 0 0 0 0 1 0 0 0 0 0 1 0 0 1 0 0 1 0 0 1 0 0 0 1 0 0 0 0 0 
20 11 20 14 20 5 17 24 14 17 24 20 20 20 17 14 14 17 5 11 14 0 5 17 5 20 17 24 5 24 5 11 20 11 20 20 24 24 0 14 0 14 24 14 24 14 0 20 11 14 5 14 14 5 20 20 17 11 11 14 0 5 20 11 11 11 24 0 24 24 20 20 11 17 24 20 24 20 14 24 20 0 20 17 17 17 17 0 20 5 17 24 17 11 17 24 14 17 11 20 20 17 17 11 17 5 17 11 14 14 14 14 17 11 11 11 24 24 24 24 5 14 11 20 20 0 5 24 0 11 0 11 24 5 14 14 17 5 20 17 0 20 20 14 20 11 11 5 17 5 

File : Instances/p40
Use 125 s

13059

0 0 0 0 0 1 0 0 0 0 0 1 0 0 1 0 0 1 0 0 1 0 0 0 1 0 0 0 0 0 
20 11 20 14 20 5 14 24 14 17 24 20 20 20 17 14 14 17 5 11 14 17 5 17 5 20 17 24 5 24 5 11 20 11 20 20 24 24 11 14 17 14 24 14 24 14 11 20 11 14 5 14 14 5 20 20 17 11 11 14 17 5 20 11 11 11 24 17 24 24 20 20 11 17 24 20 24 20 14 24 20 17 20 17 17 17 17 17 20 5 17 24 17 11 17 5 14 14 11 20 20 17 17 11 17 5 17 11 14 14 14 14 17 11 11 11 24 24 24 24 5 14 11 20 20 11 5 24 11 11 17 11 24 5 14 14 17 5 20 17 17 20 20 14 20 11 11 5 17 5 

File : Instances/p41
Use 11 s

6737

1 0 1 1 0 1 1 0 0 0 
5 6 0 6 2 5 3 3 5 3 5 6 2 2 2 2 3 3 0 6 6 6 6 6 6 5 5 0 5 5 5 0 0 0 3 2 2 6 6 2 2 3 3 3 3 5 0 5 5 6 6 6 6 6 2 2 2 3 3 3 0 0 6 5 0 6 6 6 5 5 0 0 5 0 3 2 2 2 6 5 5 2 2 2 2 2 2 2 2 2 

File : Instances/p42
Use 32 s

5755

0 0 0 0 0 0 0 0 0 0 0 1 0 0 1 0 1 0 0 1 
16 14 11 11 19 19 16 11 16 16 11 19 19 19 19 19 16 16 11 14 14 11 11 11 16 11 11 16 16 11 16 19 19 14 14 19 19 19 16 16 16 11 11 16 11 14 19 19 19 19 16 16 16 11 16 11 16 14 14 14 11 11 11 11 11 11 16 19 19 19 19 19 19 19 19 19 19 19 19 19 

File : Instances/p43
Use 32 s

5302

0 0 0 0 0 0 1 0 0 0 0 0 0 1 0 0 0 0 0 0 0 0 1 0 0 0 0 0 0 1 
6 22 6 29 13 22 13 22 29 29 29 13 13 22 6 6 22 6 6 22 13 22 22 22 22 13 29 6 29 29 29 13 13 13 22 22 13 6 6 6 6 6 29 29 29 13 13 22 22 6 22 22 22 6 6 6 22 22 13 29 29 29 29 29 29 29 29 29 29 29 

File : Instances/p44
Use 14 s

7107

1 1 1 1 1 0 1 1 0 1 
4 4 4 4 4 4 4 4 0 0 6 0 0 0 0 0 1 1 1 7 6 1 1 2 2 2 2 2 2 2 2 3 3 3 3 3 3 3 3 3 4 0 1 1 2 1 7 0 3 7 7 6 4 9 9 2 7 7 9 7 7 4 9 3 0 6 6 2 1 0 4 9 9 7 7 7 6 6 7 2 7 9 9 9 9 9 6 7 7 4 

File : Instances/p45
Use 25 s

6580

1 1 0 1 1 1 0 0 0 0 0 0 0 1 0 0 0 0 0 0 
0 0 0 0 0 0 0 13 13 1 1 1 1 1 1 3 3 3 3 3 3 4 4 4 4 4 4 4 4 5 5 5 5 5 5 5 5 5 0 0 3 3 4 3 1 5 13 3 13 5 3 13 4 13 13 13 5 0 3 3 3 3 0 13 13 3 3 3 3 1 13 4 13 13 5 4 13 5 3 13 

File : Instances/p46
Use 36 s

5980

1 0 0 1 0 0 0 0 0 1 0 1 0 1 0 0 0 1 0 0 0 0 0 0 0 0 0 0 1 0 
0 0 0 0 0 0 0 11 11 11 11 11 11 11 11 3 3 3 3 3 3 17 17 17 17 17 17 9 9 9 9 13 9 9 0 3 3 17 3 28 28 3 3 0 17 3 3 17 13 28 13 13 13 11 3 28 13 28 3 17 3 11 28 28 13 17 17 13 11 28 

File : Instances/p47
Use 13 s

7077

1 0 1 0 1 0 1 1 0 1 
0 0 0 0 0 0 2 0 0 0 2 2 2 2 2 2 2 2 2 2 2 2 2 2 2 2 2 4 4 2 4 2 2 4 2 4 4 4 4 4 4 4 4 4 4 4 4 4 4 4 4 4 4 4 6 6 6 6 6 6 6 6 7 7 6 7 6 0 7 7 7 7 7 7 7 6 6 6 6 6 6 0 9 7 9 9 9 0 9 9 

File : Instances/p48
Use 25 s

6239

1 0 0 0 1 0 0 0 1 0 0 1 0 0 1 0 0 1 0 0 
0 0 0 0 0 0 0 0 0 0 4 4 4 4 4 4 4 4 4 4 4 4 4 4 4 4 4 4 4 4 4 8 8 8 8 8 11 8 8 8 8 8 11 11 11 11 11 11 11 17 11 11 4 11 8 14 14 11 14 11 0 14 14 14 14 17 17 17 17 17 17 17 17 17 17 17 17 17 0 17 

File : Instances/p49
Use 38 s

5609

0 0 1 0 0 0 0 0 0 0 0 0 0 0 0 1 0 0 0 0 1 1 0 0 0 0 1 0 0 0 
2 2 2 2 2 2 2 2 2 2 2 2 2 15 2 2 15 2 2 2 15 2 15 15 15 15 15 15 15 15 15 15 15 15 15 15 20 20 20 20 20 20 20 20 20 20 20 20 21 20 21 20 2 21 21 21 21 26 26 26 26 26 26 26 26 26 26 26 26 26 

File : Instances/p50
Use 13 s

8848

1 0 1 1 0 1 1 0 0 1 
3 6 3 0 2 9 5 5 3 5 5 0 6 9 9 9 9 2 5 3 6 6 0 0 0 6 2 6 3 3 3 3 3 3 3 5 9 9 0 6 0 9 9 9 5 5 5 5 5 3 3 5 6 0 0 0 6 6 2 2 2 5 5 5 3 3 0 3 3 3 3 6 6 6 0 3 3 3 3 0 3 5 2 2 2 2 6 5 2 5 9 9 2 2 2 2 2 9 2 2 

File : Instances/p51
Use 36 s

7414

0 1 0 0 0 1 1 0 0 0 1 0 0 1 0 1 0 0 0 0 
1 6 15 10 13 13 5 5 15 1 5 10 6 13 6 13 13 5 5 15 10 10 10 10 10 10 1 6 15 15 1 1 15 15 15 5 13 13 10 6 10 13 13 13 5 5 5 5 5 15 15 5 6 10 10 10 6 6 6 5 13 5 1 5 15 15 10 10 1 1 15 10 10 10 10 15 15 15 15 10 15 5 5 13 6 13 6 5 6 1 13 13 13 6 6 13 6 13 13 13 

File : Instances/p52
Use 15 s

9246

0 0 0 1 1 1 1 1 1 1 
7 7 7 7 7 7 7 7 3 4 4 4 4 4 4 4 4 8 8 8 8 3 3 8 3 9 9 9 9 9 5 9 9 5 6 6 6 6 6 6 6 6 6 6 7 7 4 8 8 5 5 3 4 6 7 5 3 3 3 4 6 9 5 5 3 3 9 7 4 7 6 6 4 3 3 5 3 4 7 3 6 3 3 5 5 3 3 7 5 3 5 5 9 6 5 6 3 4 3 7 

File : Instances/p53
Use 38 s

8531

0 0 0 1 0 1 0 1 0 1 0 0 1 0 0 1 0 0 1 0 
5 5 5 5 5 5 5 5 7 7 7 7 7 7 7 7 7 12 3 12 12 3 12 12 3 9 9 9 9 9 9 9 9 15 18 18 18 18 18 18 18 18 18 18 5 5 7 12 12 15 15 3 7 18 5 15 3 3 3 7 18 15 15 3 3 3 15 18 7 5 18 18 7 3 3 15 3 7 7 15 18 7 3 15 15 3 3 5 15 3 15 15 18 15 15 18 3 7 3 5 

File : Instances/p54
Use 23 s

8838

1 0 1 1 1 0 1 0 1 1 
9 2 2 2 2 2 2 2 2 2 2 2 2 2 2 2 2 2 2 3 3 3 2 3 3 2 3 3 3 3 3 3 3 3 3 3 3 3 3 6 6 8 8 6 8 8 8 8 8 8 3 3 6 6 6 6 6 6 6 6 6 6 4 6 0 6 0 6 6 0 0 0 0 4 9 0 0 0 0 0 0 4 4 4 4 4 4 4 4 4 4 9 4 9 4 9 4 9 9 9 

File : Instances/p55
Use 34 s

7654

0 0 1 0 0 0 1 1 0 0 0 0 0 1 0 0 0 0 1 0 
18 18 18 18 18 18 2 2 2 2 2 2 2 2 2 2 2 2 2 6 2 6 2 6 2 2 6 2 6 6 6 6 6 6 6 6 6 6 6 7 7 7 7 7 7 7 7 7 6 6 7 6 7 7 7 7 7 7 7 7 7 7 18 7 7 7 7 7 7 13 13 7 13 13 18 13 13 13 13 13 13 13 13 18 18 13 18 18 18 13 18 18 18 18 18 18 18 18 18 18 

File : Instances/p56
Use 140 s

21748

1 0 0 1 1 1 0 0 1 0 0 0 1 1 1 0 1 0 1 1 0 1 0 0 1 1 1 1 1 0 
18 19 21 27 21 12 21 27 27 28 4 28 13 13 28 18 3 13 27 0 18 16 5 24 13 18 27 14 4 21 19 19 4 16 27 12 8 8 24 16 18 8 19 4 8 26 13 21 19 14 24 16 24 16 8 12 18 8 18 25 4 0 18 8 13 25 5 14 19 25 18 12 19 8 5 13 8 5 8 16 13 0 26 25 4 13 19 5 27 18 28 19 25 25 0 3 28 12 0 28 28 16 25 18 4 0 4 24 16 3 19 4 27 12 12 8 28 25 14 8 26 25 28 19 26 16 21 12 26 0 28 24 25 14 5 26 3 3 28 14 12 27 28 25 25 5 24 16 27 25 24 0 13 0 8 28 5 16 3 13 13 27 13 24 5 27 5 4 3 21 5 8 19 14 26 21 0 14 4 14 5 21 24 19 12 8 28 13 0 21 21 21 19 4 25 12 18 21 14 19 

File : Instances/p57
Use 155 s

26379

1 0 0 1 1 0 0 0 1 0 1 0 1 0 1 0 1 0 1 1 0 1 0 1 1 1 0 1 1 0 
18 19 21 27 21 12 21 27 27 28 4 28 3 3 28 18 3 10 27 0 18 16 23 24 10 18 27 14 4 21 19 19 4 16 27 12 14 8 24 16 18 8 19 4 8 19 3 21 19 14 24 16 24 16 8 12 18 8 18 25 4 0 18 8 3 25 23 14 28 25 18 12 19 8 23 23 10 23 8 16 10 0 8 25 4 10 4 0 27 18 28 19 25 25 0 3 28 12 0 28 14 16 25 18 4 0 4 24 16 3 14 4 27 12 12 8 28 25 14 8 14 25 28 19 4 16 21 12 14 0 28 24 25 10 23 8 3 3 28 10 12 27 28 25 25 23 24 16 27 25 24 0 23 0 8 28 21 16 3 3 3 27 10 24 23 27 23 4 3 21 23 8 19 14 19 21 0 10 4 10 23 21 24 19 12 8 28 23 0 21 21 21 19 4 25 12 18 21 10 19 

File : Instances/p58
Use 160 s

38059

0 0 1 0 1 0 1 0 1 0 0 1 0 1 0 0 0 1 1 1 1 1 0 1 1 1 0 1 1 0 
18 19 21 27 2 6 21 28 18 28 4 28 13 13 28 18 13 20 27 27 18 21 2 24 23 18 27 28 4 2 19 19 4 21 27 6 20 8 24 21 18 8 6 4 8 19 13 21 19 20 24 24 24 21 8 6 11 8 18 25 4 17 18 8 13 11 23 17 28 25 18 6 6 8 23 23 20 23 8 24 23 17 8 25 4 13 6 2 27 25 28 6 25 25 2 13 11 6 17 28 28 21 25 18 4 24 4 24 18 13 19 4 27 6 11 8 28 25 17 8 19 11 17 19 4 27 2 11 19 17 28 24 25 20 23 8 13 13 28 17 11 27 11 11 25 2 24 21 27 25 24 17 23 17 8 11 2 21 13 13 13 27 20 24 23 27 23 4 13 21 23 20 19 20 19 2 27 20 4 20 2 21 2 19 11 8 28 23 17 21 2 21 6 4 25 6 25 21 20 19 

File : Instances/p59
Use 143 s

27694

0 0 1 0 0 0 1 0 0 0 1 0 1 1 0 0 1 1 1 1 1 0 0 1 1 1 0 1 1 1 
18 19 2 27 2 12 16 27 18 28 29 28 13 23 28 18 13 10 27 24 18 16 23 24 10 18 27 19 29 2 6 19 19 16 27 6 20 20 24 16 18 20 6 29 20 19 13 16 19 17 24 16 24 16 20 6 18 20 18 25 29 17 18 20 13 25 23 17 28 12 18 12 6 20 23 23 20 23 20 16 10 17 20 25 29 10 6 2 27 25 28 6 25 25 2 13 28 6 17 28 28 16 25 18 29 24 29 24 18 13 19 29 27 12 12 20 28 25 17 13 19 25 17 19 19 16 2 12 19 17 28 24 25 10 23 20 13 13 28 10 12 27 12 25 25 2 24 16 27 25 24 17 23 17 13 28 2 16 13 13 13 27 10 24 23 27 23 29 13 16 23 20 19 10 29 2 27 10 29 10 2 16 2 6 12 20 28 23 17 16 2 2 6 29 25 12 25 2 10 19 

File : Instances/p60
Use 137 s

21241

0 0 1 1 1 0 0 0 1 0 1 0 1 0 0 0 1 0 1 1 0 0 0 0 1 1 0 1 1 0 
18 19 2 27 2 12 16 27 18 28 4 28 10 3 28 18 3 10 27 27 18 16 2 24 10 18 27 19 4 2 19 19 4 16 27 12 8 8 24 16 18 8 12 4 8 19 3 2 19 19 24 16 24 16 8 12 25 8 18 25 4 24 18 8 3 25 2 19 28 25 18 12 19 8 10 10 8 10 8 16 10 2 8 25 4 10 19 2 27 25 28 19 25 25 2 3 28 12 2 28 28 16 25 18 4 24 4 24 27 3 19 4 27 12 12 8 28 25 28 8 8 25 28 19 4 16 2 12 19 28 28 24 25 10 3 8 3 3 28 10 12 27 12 25 25 2 24 16 27 25 24 28 10 28 8 28 2 16 3 3 3 27 10 24 10 27 2 4 3 2 3 8 19 10 4 2 24 10 4 10 2 16 2 19 12 8 28 10 27 24 2 2 19 4 25 12 25 2 10 19 

File : Instances/p61
Use 139 s

25596

0 0 1 0 1 0 1 0 1 0 1 0 0 1 0 0 1 0 1 0 0 0 0 0 1 1 0 0 1 0 
18 6 2 24 2 6 16 28 18 28 4 28 13 13 28 18 13 10 16 24 18 16 2 24 10 18 24 28 4 2 6 4 4 16 28 6 8 8 24 16 18 8 6 4 8 4 13 16 6 10 24 16 24 16 8 6 25 8 18 25 4 2 18 8 13 25 2 28 6 25 18 6 6 8 10 13 8 10 8 16 10 2 8 25 4 13 4 2 24 25 28 6 25 25 2 13 28 6 2 28 28 16 25 18 4 24 4 24 16 13 4 4 18 6 6 8 28 25 10 8 8 25 28 6 4 16 2 25 4 10 28 24 25 10 13 8 13 13 28 10 25 18 6 25 25 2 24 16 18 25 24 28 10 28 8 28 2 16 13 13 13 24 10 24 10 24 2 4 13 2 13 8 28 10 4 2 24 10 4 10 2 16 2 28 25 8 28 10 24 16 2 16 6 4 25 6 18 2 10 6 

File : Instances/p62
Use 143 s

33662

0 0 0 0 1 0 0 1 1 0 0 1 0 0 0 0 0 1 0 1 1 1 0 1 1 0 0 1 0 0 
7 19 21 27 21 11 21 27 27 17 4 17 20 23 19 7 23 20 27 27 27 24 23 24 23 27 27 19 4 21 19 19 4 21 27 19 20 8 24 21 7 8 19 4 8 19 8 21 19 20 24 24 24 21 8 19 11 8 27 7 4 17 7 8 20 11 23 17 19 11 7 11 19 8 23 23 20 23 8 24 23 17 8 7 4 20 19 24 27 7 17 19 7 7 24 8 27 19 17 17 17 21 11 7 4 24 4 24 27 8 19 4 27 11 11 8 17 7 17 8 20 11 17 19 4 21 21 11 4 17 11 24 11 20 23 8 8 8 17 20 11 27 11 11 7 23 24 21 27 7 24 17 23 17 8 11 21 21 8 8 23 27 20 24 23 27 23 4 23 21 23 20 19 20 4 21 24 20 4 20 23 21 24 19 11 8 17 23 17 21 21 21 19 4 7 11 7 21 20 19 

File : Instances/p63
Use 142 s

25397

0 0 1 0 1 0 1 0 1 0 0 0 0 1 0 0 0 1 1 0 0 0 0 1 1 1 0 0 1 0 
18 6 2 24 2 6 2 28 18 28 4 28 13 13 28 18 13 13 18 17 18 24 23 24 23 18 24 28 4 2 6 4 4 24 28 6 8 8 24 24 18 8 6 4 8 4 13 2 6 17 24 24 24 24 8 6 25 8 18 25 4 17 25 8 13 25 23 17 28 25 18 6 6 8 23 23 8 23 8 24 23 17 8 25 4 13 6 2 24 25 28 6 25 25 2 13 28 6 17 28 28 2 25 18 4 17 4 24 18 13 4 4 18 6 6 8 28 25 17 8 8 25 17 6 4 24 2 28 4 17 28 24 25 8 23 8 13 13 28 17 6 18 28 25 25 2 24 2 18 25 24 17 23 17 8 28 2 24 13 13 13 28 23 24 23 18 23 4 13 2 23 8 28 17 4 2 17 23 4 23 2 2 2 6 25 8 28 23 17 24 2 2 6 4 25 6 25 2 23 6 

File : Instances/p64
Use 164 s

21400

0 0 1 1 1 0 0 1 1 0 1 0 1 0 0 0 1 0 0 1 0 0 0 1 0 0 0 1 1 0 
7 19 2 27 2 12 2 27 27 28 4 28 10 3 28 7 3 10 27 27 27 16 23 2 10 27 27 19 4 2 19 19 4 16 27 12 8 8 16 16 7 8 12 4 8 19 3 2 19 10 27 16 2 16 8 12 7 8 27 7 4 2 7 8 3 12 23 19 28 12 7 12 19 8 23 23 10 23 8 16 10 2 8 7 4 10 19 2 27 7 28 19 7 7 2 3 28 12 2 28 28 16 12 7 4 2 4 27 27 3 19 4 27 12 12 8 28 7 28 8 8 12 28 19 4 16 2 12 19 28 28 16 12 10 23 8 3 3 28 10 12 27 12 12 7 2 16 16 27 7 27 28 23 28 8 28 2 16 3 3 3 27 10 2 23 27 23 4 3 2 23 8 19 10 4 2 27 10 4 10 2 16 2 19 12 8 28 23 27 2 2 2 19 4 7 12 7 2 10 19 

File : Instances/p65
Use 137 s

25794

0 0 0 0 0 1 0 0 1 0 0 1 0 1 0 0 0 1 1 1 0 1 0 0 1 0 0 1 0 1 
18 19 21 27 21 11 21 27 18 17 29 17 13 13 19 18 13 13 27 27 18 21 5 24 13 18 27 19 29 21 19 19 19 21 27 19 8 8 24 21 18 8 19 29 8 19 13 21 19 17 24 24 24 21 8 19 11 8 18 11 29 17 18 8 13 11 5 17 19 11 18 11 19 8 5 13 8 5 8 24 13 17 8 11 29 13 19 5 27 18 17 19 11 11 5 13 11 19 17 17 17 21 11 18 29 24 29 24 27 13 19 29 27 11 11 8 17 11 17 8 8 11 17 19 19 21 21 11 19 17 11 24 11 8 5 8 13 13 17 17 11 27 11 11 11 5 24 21 27 11 24 17 5 17 8 11 5 21 13 13 13 27 13 24 5 27 5 29 13 21 5 8 19 17 29 21 24 13 29 13 5 21 21 19 11 8 11 13 17 21 21 21 19 29 18 19 18 21 13 19 

File : Instances/p66
Use 145 s

32688

0 0 1 0 0 0 0 1 0 0 0 0 1 0 0 0 0 0 0 1 1 0 0 1 1 0 0 0 1 0 
7 19 2 24 2 12 2 28 24 28 19 28 23 23 28 7 23 20 24 24 7 24 23 24 23 7 24 28 19 2 19 19 19 24 28 12 20 20 24 24 7 20 12 19 20 19 20 2 19 28 24 24 2 24 20 12 7 20 7 7 19 2 7 20 20 12 23 28 28 12 7 12 19 20 23 23 20 23 20 24 23 2 20 7 12 23 19 2 24 7 28 19 7 7 2 23 28 12 2 28 28 2 12 7 19 24 19 24 24 20 19 19 7 12 12 20 28 7 28 20 19 12 28 19 19 24 2 12 19 28 28 24 12 20 23 20 23 20 28 20 12 24 12 12 7 2 24 2 24 7 24 28 23 28 20 28 2 2 20 20 23 24 23 24 23 28 23 19 23 2 23 20 19 20 19 2 24 20 19 20 2 2 2 19 12 20 28 23 28 2 2 2 12 19 7 12 7 2 23 19 

File : Instances/p67
Use 142 s

25231

0 0 1 0 1 0 1 0 0 0 0 0 0 1 0 0 1 0 1 0 1 0 0 1 1 1 0 0 1 0 
18 6 2 24 2 6 16 28 24 28 4 28 13 13 28 18 13 20 16 24 18 16 23 24 23 18 24 28 4 2 6 6 4 16 28 6 20 20 24 16 18 20 6 4 13 4 13 16 28 20 24 16 24 16 20 6 18 20 18 25 4 2 18 20 13 25 23 28 28 25 18 25 6 20 23 23 20 23 20 16 23 2 20 25 4 13 6 2 24 25 28 6 25 25 2 13 28 6 2 28 28 16 25 18 4 24 4 24 16 13 6 4 18 6 6 20 28 25 23 20 20 25 28 4 4 16 2 25 4 28 28 24 25 20 23 20 13 13 28 23 6 18 28 25 25 2 24 16 18 25 24 24 23 2 20 28 2 16 13 13 13 24 13 2 23 18 23 4 13 16 23 20 28 13 4 2 24 20 4 23 2 16 2 6 6 20 28 23 24 2 2 16 6 4 25 6 25 2 23 6 

File : Instances/p68
Use 137 s

22086

0 1 1 0 1 0 0 1 0 0 1 0 1 0 0 1 0 0 0 1 1 0 0 1 1 1 0 1 1 0 
7 19 2 27 2 12 15 27 27 28 4 28 10 1 28 7 1 20 27 27 27 24 23 24 10 27 27 19 4 2 19 19 4 24 27 12 20 20 24 15 7 20 12 4 20 19 20 2 19 10 24 24 24 15 20 12 25 20 27 7 4 2 7 20 10 25 23 19 19 25 7 12 19 20 23 23 20 23 20 24 10 2 20 25 4 10 19 2 27 7 28 19 25 25 2 1 28 12 2 28 28 15 25 7 4 24 4 24 27 1 19 4 27 12 12 20 28 7 28 20 20 25 28 19 4 15 2 12 19 10 28 24 25 20 23 20 1 1 28 10 12 27 12 25 25 2 24 15 27 25 24 10 23 24 20 28 2 15 20 1 1 27 10 24 23 27 23 4 1 15 1 20 19 10 4 2 24 10 4 10 2 15 2 19 12 20 28 23 27 2 2 2 19 4 7 12 7 15 10 19 

File : Instances/p69
Use 143 s

26100

1 0 0 0 1 1 0 1 0 0 0 1 0 1 0 0 0 0 0 1 1 1 0 0 1 0 0 0 1 0 
7 19 21 24 21 11 21 28 24 28 4 28 13 13 28 7 13 20 24 0 11 21 5 24 5 11 24 28 4 21 19 19 4 21 28 19 20 20 24 21 7 20 19 4 13 19 13 21 19 20 24 24 21 21 20 19 11 20 7 7 4 0 7 20 13 11 5 19 28 11 7 11 19 20 5 5 20 5 20 24 5 0 19 7 4 13 19 5 24 7 28 19 7 11 0 13 11 11 0 28 28 21 11 7 4 0 4 24 24 13 19 4 11 11 11 20 28 7 0 20 19 11 0 19 4 21 21 11 19 0 28 21 11 20 5 20 13 13 28 0 11 24 11 11 7 5 24 21 24 7 24 0 5 0 13 11 5 21 13 13 13 0 13 0 5 0 5 4 13 21 5 20 19 20 4 21 0 20 4 20 5 21 21 19 11 20 28 13 0 21 21 21 19 4 7 11 7 21 5 19 

File : Instances/p70
Use 147 s

33316

1 0 0 0 0 1 0 1 1 0 0 1 0 0 0 0 0 0 0 1 0 1 0 0 0 0 1 1 0 0 
7 19 21 27 21 11 21 27 27 27 26 19 8 5 19 7 5 8 27 0 27 21 5 0 5 27 27 19 26 21 19 19 26 21 27 19 8 8 27 21 7 8 19 26 8 19 8 21 19 26 0 21 21 21 8 11 7 26 7 7 26 0 7 8 8 11 5 19 19 11 7 11 19 26 5 5 8 5 8 21 5 0 26 7 26 8 19 5 27 7 27 19 7 11 0 8 11 11 0 11 0 21 11 7 26 0 26 27 27 8 19 26 27 11 11 8 11 7 0 8 26 11 0 19 26 21 21 11 26 0 11 21 11 8 5 26 8 8 0 0 11 27 11 11 7 5 27 21 27 7 27 0 5 0 8 11 5 21 8 8 8 27 5 0 5 27 5 26 5 21 5 8 19 0 26 21 0 8 26 8 5 21 21 19 11 8 11 5 0 21 21 21 19 19 7 11 7 21 5 19 

File : Instances/p71
Use 144 s

25679

0 0 1 0 1 0 0 0 0 0 0 0 1 1 0 0 1 1 1 1 1 0 0 1 1 1 0 0 1 0 
18 19 2 24 2 12 16 28 18 28 4 28 13 13 28 18 13 20 16 24 18 16 23 24 23 18 24 19 4 2 19 19 4 16 18 12 20 20 24 16 18 20 12 4 13 19 13 2 19 17 24 16 2 16 20 12 25 20 18 25 4 2 25 20 13 12 23 17 28 25 18 12 19 20 23 23 20 23 20 16 23 17 20 25 4 13 19 2 24 25 28 19 25 25 2 13 28 12 17 28 28 16 25 18 4 24 4 24 16 13 19 4 18 12 12 20 28 25 17 20 19 25 17 19 4 16 2 12 19 17 28 24 25 20 23 20 13 13 28 17 12 18 12 25 25 2 24 16 18 25 24 17 23 17 20 28 2 16 13 13 13 24 13 24 23 18 23 4 13 2 23 20 19 17 4 2 24 20 4 20 2 16 2 19 12 20 28 23 17 2 2 16 19 4 25 12 25 2 20 19 

