File : Instances/p1
Used 0.585294s
9868

1 1 1 0 0 1 0 1 1 1 
7 2 1 5 1 8 2 9 2 1 9 8 0 2 8 5 2 0 9 7 5 8 9 9 2 5 1 5 0 5 2 5 0 2 9 9 7 0 0 2 5 8 1 5 7 0 9 0 7 0 

File : Instances/p2
Used 0.526403s
8623

1 1 1 1 0 1 0 1 1 1 
0 2 1 5 3 8 2 9 2 1 9 8 3 2 8 3 2 0 9 7 3 8 9 7 2 5 1 5 0 5 2 5 0 3 9 7 7 3 0 2 1 8 1 5 7 0 2 3 2 0 

File : Instances/p3
Used 0.595167s
9757

1 1 1 1 1 0 0 0 1 1 
8 2 1 9 3 8 2 4 4 1 9 0 3 2 8 3 4 0 9 4 3 4 9 4 2 2 3 1 0 1 2 9 0 3 9 4 4 3 0 4 3 8 1 2 4 0 2 0 4 0 

File : Instances/p4
Used 0.65691s
12042

1 0 0 1 1 1 1 0 0 0 
0 4 5 6 3 0 5 4 4 5 4 0 3 5 0 3 6 0 6 4 5 4 6 4 5 5 5 5 0 5 6 6 3 3 6 4 4 3 0 4 5 0 5 6 4 0 6 3 4 3 

File : Instances/p5
Used 0.575154s
8838

1 1 1 1 1 0 1 0 1 1 
8 8 1 6 3 8 2 4 4 1 9 8 3 2 8 3 2 0 9 9 3 8 6 4 2 6 1 1 0 1 2 6 0 3 9 4 4 3 0 4 1 8 1 6 4 0 9 3 4 0 

File : Instances/p6
Used 0.564817s
7809

1 1 1 1 1 0 1 1 1 1 
8 8 1 6 3 8 2 4 4 1 9 8 3 2 8 3 4 0 9 7 3 7 6 4 2 6 1 1 8 1 2 6 0 3 9 4 4 3 0 4 1 8 1 6 7 0 2 0 7 0 

File : Instances/p7
Used 0.618392s
9488

1 1 1 1 1 0 1 0 1 1 
8 8 1 6 3 8 2 4 4 1 9 8 3 2 8 3 2 0 9 9 3 8 6 4 2 6 1 1 0 1 2 6 0 3 9 4 4 3 0 4 1 8 1 6 4 0 9 3 4 0 

File : Instances/p8
Used 0.572739s
11359

1 1 1 1 1 0 1 1 1 0 
8 8 1 6 3 8 2 4 2 1 4 8 3 2 8 3 4 0 6 7 3 4 6 7 2 1 1 1 8 1 2 6 0 3 4 4 7 3 0 4 1 8 1 6 7 0 2 0 4 0 

File : Instances/p9
Used 0.625441s
10586

1 0 0 1 0 1 0 0 1 1 
8 8 5 5 3 8 3 9 9 5 9 8 3 0 8 3 0 0 9 9 3 8 5 9 5 5 3 5 0 5 9 9 0 3 9 8 8 3 0 9 3 8 3 5 8 0 9 0 8 0 

File : Instances/p10
Used 0.555457s
8643

1 1 0 0 1 1 0 1 1 0 
8 8 1 5 1 8 8 4 4 1 4 8 0 7 8 0 4 0 4 7 1 8 5 4 5 5 1 5 0 5 5 5 0 0 4 4 7 0 8 4 1 8 1 5 7 0 4 0 4 0 

File : Instances/p11
Used 0.535911s
10678

1 1 0 1 0 0 1 0 1 1 
8 8 1 6 3 8 3 9 8 1 9 8 3 0 8 3 0 0 9 9 3 8 6 9 1 6 1 1 0 1 9 6 0 3 9 9 8 3 0 9 1 8 1 6 8 0 9 0 8 0 

File : Instances/p12
Used 1.16598s
10306

1 1 0 0 1 0 1 0 1 0 
8 8 1 6 1 8 1 4 4 1 4 8 0 8 8 0 4 0 6 4 1 8 6 4 1 6 1 1 8 1 6 6 0 0 4 4 4 0 0 4 1 8 1 6 4 8 6 0 8 0 

File : Instances/p13
Used 1.22904s
10190

1 1 0 0 0 1 0 0 1 1 0 0 1 1 0 0 1 1 0 0 
16 12 16 16 1 12 17 13 12 17 0 1 1 9 13 8 5 16 17 9 12 5 5 13 9 17 16 17 1 17 13 16 13 16 12 9 8 1 1 5 9 0 5 0 8 5 12 8 13 8 

File : Instances/p14
Used 1.30775s
8872

1 0 0 0 1 1 1 0 0 0 0 1 1 1 0 0 1 1 0 0 
16 12 16 6 12 13 17 13 12 17 5 4 4 6 13 11 5 6 4 6 12 5 5 4 6 17 16 17 17 17 13 16 13 16 11 6 11 12 4 13 11 0 5 0 11 5 12 6 4 11 

File : Instances/p15
Used 0.614491s
11166

1 0 1 0 1 0 0 0 0 1 0 1 0 0 0 1 1 1 0 0 
16 11 16 16 2 2 17 2 11 17 0 4 4 9 2 11 15 16 4 9 15 15 15 2 9 17 16 17 17 17 2 15 2 16 11 16 11 4 4 2 11 0 0 0 11 15 15 9 4 9 

File : Instances/p16
Used 1.23131s
12317

0 0 1 0 0 1 0 0 0 1 0 1 0 0 0 1 1 1 0 1 
16 11 16 16 19 15 17 2 11 17 15 19 19 9 2 11 5 15 17 9 15 15 15 19 9 19 16 17 17 17 2 15 2 16 17 11 11 19 19 2 11 5 5 16 11 5 15 9 19 9 

File : Instances/p17
Used 1.28084s
9765

1 1 1 0 0 0 0 0 0 1 1 0 1 0 1 0 0 0 0 1 
0 12 10 10 1 12 1 2 14 1 0 19 19 10 2 12 14 10 19 9 12 14 14 19 9 1 0 1 1 1 2 14 2 0 12 10 12 19 19 2 9 0 0 14 9 2 14 10 19 9 

File : Instances/p18
Used 1.21642s
8444

0 0 0 0 1 0 1 1 0 0 0 1 1 1 1 0 1 1 0 0 
16 12 7 7 12 12 17 13 14 17 7 4 12 6 13 11 14 7 4 6 12 14 7 13 6 17 16 17 12 17 13 7 13 16 11 6 11 12 4 13 6 16 16 7 11 13 14 6 4 11 

File : Instances/p19
Used 1.26939s
9123

0 1 0 0 0 0 1 0 0 0 1 0 0 1 0 1 1 1 0 1 
16 1 10 10 1 13 17 13 10 17 15 19 1 6 13 1 15 10 17 6 1 15 15 19 6 1 16 17 1 17 13 10 13 16 1 10 17 19 19 13 6 16 15 16 6 13 15 10 19 6 

File : Instances/p20
Used 1.22301s
12255

0 0 0 0 1 1 0 0 0 1 0 0 1 1 0 0 1 1 0 1 
16 17 16 16 19 13 17 13 12 4 5 4 19 9 13 12 5 12 4 9 12 5 5 19 9 4 16 17 17 17 13 12 13 16 17 9 17 19 19 13 12 5 5 16 9 13 12 12 19 9 

File : Instances/p21
Used 1.44542s
9057

1 0 0 0 0 0 1 0 0 0 0 0 1 0 0 1 0 1 0 1 
0 12 0 6 12 12 17 15 12 17 15 19 19 6 19 12 15 15 17 6 12 15 15 19 6 17 0 17 12 17 19 15 19 0 12 6 17 19 19 15 6 0 0 0 12 15 12 6 19 6 

File : Instances/p22
Used 1.16183s
8528

1 0 0 0 0 0 0 0 0 1 0 0 1 1 1 0 1 1 0 1 
16 12 16 16 19 12 17 13 14 17 0 19 19 9 13 12 0 14 17 9 12 14 14 19 9 17 16 17 12 17 13 14 13 16 12 14 17 19 19 13 9 0 0 0 9 13 14 14 19 9 

File : Instances/p23
Used 0.406867s
9392

0 0 0 1 0 0 0 0 0 1 1 0 0 0 0 1 1 1 0 1 
16 3 10 10 3 15 17 15 3 17 15 19 19 10 19 3 15 10 17 9 15 15 15 19 9 17 16 17 3 17 19 10 19 16 3 10 3 19 19 15 9 16 16 16 3 15 10 10 19 9 

File : Instances/p24
Used 0.480043s
10533

0 1 0 0 0 0 1 1 0 0 0 0 0 1 0 0 1 1 0 0 
16 1 16 7 1 13 17 13 7 17 7 1 1 6 13 1 7 7 17 6 7 7 7 13 6 17 16 17 1 17 13 7 13 16 1 6 17 1 1 13 6 16 16 16 1 13 7 6 13 6 

File : Instances/p25
Used 7.83371s
13296

1 0 1 0 0 1 1 0 0 0 0 1 0 0 1 0 0 1 0 0 1 1 0 0 0 0 0 0 0 0 
20 11 20 14 20 5 2 5 14 17 21 20 20 20 0 14 14 17 11 11 14 0 21 2 21 20 2 5 11 11 21 11 6 11 20 20 5 11 0 14 0 14 5 14 5 14 0 20 11 14 21 14 14 5 20 20 17 0 0 14 0 5 20 11 11 11 11 0 21 21 20 6 11 17 5 20 21 20 14 11 20 0 20 17 2 17 17 0 20 11 2 5 17 11 0 11 2 2 21 20 20 0 17 11 2 11 0 11 14 14 14 14 2 11 11 21 5 5 5 5 5 20 11 20 20 0 11 21 0 0 0 0 5 0 14 14 0 11 20 17 0 20 20 14 20 11 11 5 2 5 

File : Instances/p26
Used 9.47198s
10785

1 0 0 0 0 1 0 0 1 0 0 1 0 0 1 0 0 1 0 0 1 0 0 0 1 0 0 0 0 0 
20 11 20 14 20 5 14 24 14 17 24 8 8 20 0 14 14 17 5 11 14 0 5 0 5 8 17 24 5 24 5 11 20 11 20 20 24 24 0 14 0 14 24 8 24 14 0 20 11 8 5 14 14 5 20 20 17 11 11 14 0 5 20 11 11 11 24 0 5 24 20 20 11 0 24 8 24 20 14 24 20 0 20 17 0 17 17 0 20 5 17 24 17 11 0 5 14 11 11 20 8 0 14 11 0 5 0 11 14 8 14 14 17 11 11 11 24 24 24 24 5 8 11 20 8 0 5 24 0 11 0 11 24 5 8 14 0 5 20 17 0 8 20 14 8 11 11 5 0 5 

File : Instances/p27
Used 2.91528s
13746

1 0 0 0 0 1 0 0 0 0 0 1 0 0 1 1 0 1 0 0 1 0 0 0 0 1 0 0 0 0 
20 11 20 14 20 5 0 5 0 17 25 20 14 20 11 14 17 0 25 11 14 0 25 0 25 20 17 5 5 15 25 25 20 25 20 20 5 15 11 14 0 14 15 14 5 14 11 20 11 14 25 14 14 5 20 20 17 11 11 14 0 5 20 11 11 11 25 0 25 25 20 20 11 0 15 20 15 20 14 25 20 0 20 17 0 17 0 11 20 5 0 5 0 11 0 5 17 11 25 20 20 0 17 25 0 25 0 11 14 20 14 14 17 11 11 25 5 15 5 5 5 14 25 20 20 11 5 15 0 25 0 11 5 25 14 14 0 25 20 17 0 20 20 14 14 25 25 5 0 5 

File : Instances/p28
Used 2.70071s
15198

1 0 0 0 0 1 0 0 0 0 0 1 0 0 1 0 0 1 0 0 1 0 0 0 0 1 0 0 0 0 
20 11 20 14 20 5 0 5 14 17 25 20 20 20 0 14 14 17 25 11 14 0 25 0 25 20 0 5 25 25 25 25 14 25 20 20 5 25 11 14 0 14 5 11 5 14 11 20 11 20 25 0 14 5 20 20 17 11 11 14 0 5 20 11 11 11 25 0 25 25 20 20 11 0 5 20 5 20 0 25 20 0 20 17 0 17 17 0 20 25 17 25 0 11 0 5 14 11 25 20 20 0 17 25 0 25 0 11 14 14 14 14 17 11 11 11 5 5 5 5 5 20 25 20 20 11 25 25 11 11 0 11 5 11 14 14 11 25 20 17 0 20 20 14 14 25 25 5 0 5 

File : Instances/p29
Used 8.00301s
13024

1 0 1 0 0 1 1 0 0 0 0 1 0 0 1 1 0 1 0 0 1 0 0 0 1 1 0 0 0 0 
6 11 6 2 6 5 17 24 14 17 24 20 2 20 17 14 17 17 25 11 2 0 25 0 5 20 17 24 5 24 5 25 6 25 20 20 24 15 11 14 0 14 15 6 24 14 0 20 11 14 25 2 14 5 6 20 17 11 11 14 0 5 20 11 11 11 24 0 5 5 6 6 11 17 24 14 24 20 2 24 20 0 6 17 17 17 17 0 20 5 2 24 17 11 0 24 2 11 25 6 6 0 17 25 2 25 0 11 14 14 14 2 2 11 11 25 24 15 5 24 5 2 25 20 6 0 5 15 0 25 0 11 24 25 2 14 0 5 20 17 0 14 20 14 20 25 25 5 2 5 

File : Instances/p30
Used 2.88118s
11442

1 0 1 0 0 1 0 0 1 0 0 1 0 1 1 0 0 1 0 0 1 0 0 0 1 1 0 0 0 0 
20 11 13 2 20 5 2 5 14 17 5 8 8 20 2 14 14 17 25 11 2 0 25 17 25 8 2 24 5 24 5 25 13 25 20 20 24 24 0 14 0 14 24 8 24 14 0 13 11 8 25 14 14 5 13 20 17 11 0 14 0 5 20 11 11 11 24 0 25 25 20 20 11 17 24 8 5 20 2 24 20 0 13 17 2 17 17 0 20 5 2 24 17 11 17 5 2 2 25 13 8 17 17 25 2 25 17 11 14 8 14 14 2 11 11 11 24 24 5 24 5 8 25 13 8 0 5 25 0 25 0 11 24 11 8 14 17 5 20 17 0 8 20 14 8 25 25 5 2 5 

File : Instances/p31
Used 8.53265s
13623

1 0 1 0 0 1 1 0 1 1 0 1 0 0 1 0 0 1 0 0 1 0 0 0 1 0 0 0 0 0 
20 11 6 2 20 5 2 24 14 17 9 8 8 20 2 14 14 17 5 11 2 0 9 17 9 8 2 24 5 9 5 11 6 11 20 20 24 9 0 14 0 14 24 8 24 14 17 20 11 8 5 14 14 5 6 20 17 0 0 14 0 5 20 0 11 11 9 0 24 9 8 6 11 17 24 8 24 20 2 24 20 0 20 17 2 17 17 0 20 5 2 24 17 11 17 9 2 2 11 8 8 17 17 11 2 5 17 0 14 8 14 14 2 11 11 0 24 24 24 24 5 8 11 20 8 0 5 9 0 5 0 11 24 9 8 14 0 5 20 17 0 8 20 14 8 11 11 5 2 5 

File : Instances/p32
Used 14.3991s
16597

1 0 1 0 0 0 0 1 1 1 0 1 0 0 1 0 0 1 0 0 1 0 0 0 1 0 0 0 0 0 
20 0 8 2 20 0 2 9 14 17 9 8 8 20 7 14 14 17 11 11 2 7 9 17 9 8 2 24 24 24 0 11 2 0 20 20 24 9 7 14 0 14 24 17 24 14 7 20 0 8 0 2 14 11 8 20 17 7 0 14 0 24 20 0 0 11 9 0 9 9 2 20 11 17 9 8 9 20 14 24 20 7 8 17 17 17 17 7 20 24 2 9 17 0 7 9 2 2 7 8 8 17 17 11 17 11 7 0 14 14 14 14 2 11 11 7 24 24 24 24 11 8 11 20 8 17 11 9 7 7 0 0 24 9 8 14 7 11 20 17 0 8 20 14 8 0 11 11 2 24 

File : Instances/p33
Used 8.89691s
13142

1 0 1 0 0 1 1 0 0 0 0 1 0 0 0 0 0 1 0 0 1 0 0 0 1 0 0 0 0 0 
20 11 6 2 6 5 0 24 2 17 5 20 2 20 0 2 17 17 5 11 2 0 5 0 5 20 2 24 5 24 5 11 6 11 20 20 24 24 0 17 0 17 24 6 24 17 0 20 11 20 5 2 17 5 6 20 17 11 11 17 0 5 20 11 11 11 24 0 5 5 6 6 11 17 24 20 24 20 2 24 20 0 20 17 17 17 17 0 20 5 2 24 17 11 0 24 2 0 5 6 6 0 17 11 2 5 0 11 2 2 17 2 2 11 11 5 24 24 24 24 5 2 11 20 6 0 5 24 0 11 0 11 24 11 2 17 0 5 20 17 0 20 20 17 20 11 11 5 2 5 

File : Instances/p34
Used 8.51922s
10636

1 0 0 0 0 1 0 0 1 0 0 1 0 0 1 0 0 1 0 0 1 0 0 0 1 0 0 0 0 0 
20 11 20 14 20 5 14 24 8 17 5 8 8 20 0 14 14 17 5 11 14 0 5 17 5 8 17 24 5 24 5 11 8 11 20 20 24 24 0 14 0 14 24 8 24 14 0 20 11 8 5 14 14 5 20 20 17 11 0 14 0 5 20 11 11 11 24 0 5 5 8 20 11 17 24 8 24 20 14 24 20 0 20 17 17 17 17 0 20 5 17 24 17 11 17 24 14 0 11 20 8 17 17 11 17 5 17 11 14 8 14 14 17 11 11 11 24 24 24 24 5 8 11 20 8 0 5 24 0 11 0 11 24 5 8 14 0 5 20 17 0 8 20 14 8 11 11 5 17 5 

File : Instances/p35
Used 7.89342s
12522

1 0 0 0 0 1 0 0 0 0 0 1 0 1 1 0 0 1 0 0 1 0 0 0 1 0 0 0 0 0 
20 11 13 14 13 5 0 24 14 17 24 20 20 20 0 14 14 17 5 11 17 0 5 17 5 20 17 24 5 24 5 11 13 11 20 20 24 24 0 14 0 14 24 13 24 14 0 13 11 14 5 14 14 5 13 20 17 11 0 14 0 5 20 11 11 11 24 0 24 5 13 13 11 17 24 20 24 20 14 24 20 0 13 17 17 17 17 0 20 5 17 24 17 11 17 24 14 0 11 13 20 17 17 11 17 5 0 11 14 14 14 14 17 11 11 11 24 24 24 24 5 20 11 13 20 0 5 5 0 11 0 11 24 5 13 14 0 5 20 17 0 20 20 14 20 11 11 5 17 5 

File : Instances/p36
Used 8.22599s
15245

1 0 0 0 0 0 0 0 0 1 0 1 0 1 1 0 0 1 0 0 1 0 0 0 1 0 0 0 0 0 
13 0 13 14 13 11 17 9 14 17 9 20 20 20 17 14 14 17 11 11 14 17 9 17 9 20 17 24 24 24 11 11 13 11 20 20 24 24 0 14 0 14 24 13 24 14 0 13 11 20 0 13 14 11 13 20 17 0 0 14 0 24 20 0 11 11 9 0 9 9 13 13 11 17 24 20 9 20 14 9 20 0 13 17 17 17 17 0 20 24 17 24 17 0 0 9 14 13 11 13 20 0 17 11 14 11 17 11 14 14 14 14 17 11 11 0 24 24 24 24 11 13 11 13 20 0 24 9 0 9 0 0 24 9 20 14 0 24 20 17 0 20 20 14 20 11 11 11 17 24 

File : Instances/p37
Used 8.6374s
13311

0 0 1 0 0 1 1 0 0 0 0 1 0 0 0 0 0 1 0 0 1 0 0 0 0 0 0 0 0 0 
20 11 20 2 20 5 2 5 2 17 11 20 20 20 2 2 17 17 11 11 2 17 11 2 11 20 2 5 5 5 11 11 6 11 20 20 5 5 17 2 17 2 5 2 5 17 2 20 11 20 11 2 17 5 6 20 17 11 11 17 17 5 20 11 11 11 5 17 11 11 20 6 11 17 5 20 5 20 2 5 20 17 20 17 2 17 2 17 20 5 2 5 17 11 17 5 2 2 11 20 20 17 17 11 2 11 17 11 2 20 17 2 2 11 11 11 5 5 5 5 5 20 11 20 20 17 5 5 17 11 17 11 5 11 20 17 17 5 20 17 17 20 20 17 20 11 11 5 2 5 

File : Instances/p38
Used 7.61438s
10841

1 0 0 0 0 1 0 0 0 0 0 1 0 1 1 0 0 1 0 0 1 0 0 0 1 0 0 0 0 0 
20 11 13 14 20 5 17 24 14 17 24 20 20 20 17 14 14 17 5 11 14 0 5 17 5 20 17 24 5 24 5 11 13 11 20 20 24 24 0 14 0 14 24 14 24 14 0 13 11 14 5 14 14 5 20 20 17 11 11 14 0 5 20 11 11 11 24 0 5 24 20 20 11 17 24 20 24 20 14 24 20 0 13 17 17 17 17 0 20 5 17 24 17 11 17 5 14 17 11 13 20 17 17 11 17 5 17 11 14 14 14 14 17 11 11 11 24 24 24 24 5 20 11 13 20 0 5 24 0 5 0 11 24 5 20 14 17 5 20 17 0 20 20 14 20 11 11 5 17 5 

File : Instances/p39
Used 8.35518s
12461

1 0 0 0 0 1 0 0 0 0 0 1 0 0 1 0 0 1 0 0 1 0 0 0 0 0 0 0 0 0 
20 11 20 14 20 5 17 5 14 17 11 20 20 20 17 14 14 17 11 11 14 0 11 17 11 20 17 5 5 5 11 11 20 11 20 20 5 5 0 14 0 14 5 14 5 14 0 20 11 14 11 14 14 5 20 20 17 11 0 14 0 5 20 11 11 11 5 0 11 11 20 20 11 17 5 20 5 20 14 5 20 0 20 17 17 17 17 0 20 5 17 5 17 11 17 5 14 17 11 20 20 17 17 11 17 11 17 11 14 14 14 14 17 11 11 11 5 5 5 5 5 14 11 20 20 0 5 5 0 11 0 11 5 11 14 14 17 5 20 17 0 20 20 14 20 11 11 5 17 5 

File : Instances/p40
Used 7.62964s
14669

1 0 0 0 0 1 0 0 1 0 0 1 0 0 0 0 0 1 0 0 1 0 0 0 0 0 0 0 0 0 
20 11 20 17 20 5 0 5 8 17 5 8 8 20 0 8 17 17 11 11 17 0 11 17 11 8 17 5 5 11 5 11 20 11 20 20 5 5 0 17 0 8 5 8 5 17 0 20 11 8 5 8 17 5 20 20 17 11 0 17 0 5 20 11 11 11 5 0 5 11 20 20 11 17 5 8 5 20 8 5 20 0 20 17 17 17 17 0 20 5 17 5 17 11 0 5 17 0 11 20 8 17 17 11 17 11 0 11 8 8 17 17 17 11 11 11 5 5 5 5 5 8 11 20 8 0 5 11 0 11 0 11 5 11 8 8 0 5 20 17 0 8 20 17 8 11 11 5 17 5 

File : Instances/p41
Used 1.1323s
7007

1 0 0 1 0 1 1 1 0 0 
5 6 5 6 7 7 3 7 5 3 5 6 7 6 7 7 7 3 0 6 6 6 0 6 6 5 5 0 5 5 5 0 0 0 3 6 7 6 6 7 6 7 3 3 3 5 0 5 5 6 6 6 6 6 7 7 7 3 3 3 0 0 6 5 0 6 6 6 5 5 0 0 5 0 7 7 7 7 7 5 7 7 7 7 7 7 6 7 7 7 

File : Instances/p42
Used 5.26193s
6695

0 1 0 1 0 1 0 0 1 0 0 0 1 0 0 1 0 0 0 0 
12 8 3 5 15 8 1 3 12 1 3 3 15 5 15 15 8 3 5 5 5 3 5 8 12 12 3 12 3 3 1 15 15 8 5 8 5 15 1 1 3 3 3 12 5 5 8 15 15 15 1 1 1 3 3 5 12 5 5 5 3 3 3 3 3 3 1 15 3 15 5 8 15 8 15 15 8 8 15 15 

File : Instances/p43
Used 4.55689s
6087

0 1 0 0 0 1 1 0 0 1 0 0 1 0 0 0 0 0 0 0 0 1 0 0 0 0 0 0 1 0 
6 21 6 5 1 21 9 21 12 5 5 28 1 9 6 6 21 21 12 12 1 9 21 21 21 1 28 6 5 5 5 5 28 5 12 9 1 12 6 6 6 12 5 28 5 1 9 9 9 6 6 21 9 6 6 6 21 21 1 5 5 6 1 5 28 28 28 28 28 28 

File : Instances/p44
Used 1.59194s
7986

1 1 1 1 0 1 0 1 0 1 
3 5 5 5 5 5 5 5 0 7 0 0 0 0 0 0 1 7 1 1 1 7 7 2 2 2 2 2 2 2 2 3 3 3 3 3 3 3 3 3 5 0 1 7 2 7 7 0 3 7 7 7 5 3 9 2 7 7 9 5 7 5 9 3 0 7 0 2 1 7 7 7 9 7 7 9 7 7 5 2 7 9 9 9 9 9 7 5 7 5 

File : Instances/p45
Used 2.18661s
7120

1 1 0 1 0 1 0 0 1 1 0 0 1 1 0 0 0 0 0 0 
0 0 0 0 0 0 0 13 13 1 1 1 1 1 1 3 3 3 3 3 3 12 12 12 8 12 12 12 3 5 5 5 5 5 5 5 5 5 0 0 3 3 8 3 1 5 13 3 13 5 3 13 8 13 13 5 5 1 9 9 3 9 0 13 13 13 8 12 9 9 13 3 13 8 8 8 8 13 9 13 

File : Instances/p46
Used 1.02503s
6619

1 1 1 0 0 0 0 0 1 0 0 0 1 0 1 0 0 0 0 0 0 0 0 0 1 0 0 0 1 0 
0 0 0 0 0 0 0 12 1 12 1 1 1 1 1 2 2 2 2 2 2 24 24 24 24 24 24 8 8 8 8 14 28 8 0 2 2 24 24 28 28 12 2 28 24 14 14 24 28 28 0 24 14 1 24 14 14 12 14 24 2 12 28 14 14 24 14 24 2 12 

File : Instances/p47
Used 1.50559s
7461

1 1 1 0 1 0 0 1 1 0 
0 0 0 0 0 0 2 0 2 1 1 2 1 1 1 2 1 2 2 2 2 2 2 2 2 2 2 4 2 2 4 2 2 2 2 4 4 4 4 4 4 4 4 4 4 4 4 4 4 4 4 4 4 4 4 4 4 4 4 4 4 4 7 7 4 7 7 0 7 7 7 7 7 7 7 7 7 8 8 8 8 8 8 7 8 7 2 0 0 0 

File : Instances/p48
Used 2.20568s
5991

0 1 0 1 0 1 0 0 1 1 0 0 0 1 1 0 0 1 0 0 
1 17 1 1 1 1 1 1 1 3 3 3 3 3 3 5 5 5 5 5 5 5 5 5 9 5 5 9 5 5 5 8 8 8 8 8 9 8 9 9 9 9 13 13 8 8 8 9 13 13 13 13 13 13 13 14 14 13 14 13 17 14 14 14 14 17 17 17 17 17 17 17 17 17 17 17 17 17 1 17 

File : Instances/p49
Used 3.27401s
6358

1 1 0 0 0 0 0 0 0 1 0 0 1 0 1 0 0 1 0 0 0 1 0 0 0 0 0 0 0 1 
0 0 1 0 1 0 1 1 29 0 29 1 0 12 14 1 12 14 1 1 14 9 9 9 9 9 9 12 12 12 12 14 12 14 12 14 17 17 17 17 17 17 17 17 17 12 17 17 21 17 21 17 0 21 21 21 21 21 29 29 0 0 0 0 29 29 29 29 29 29 

File : Instances/p50
Used 3.157s
9237

1 1 0 1 0 1 0 1 0 1 
3 0 3 3 5 9 5 5 3 7 7 3 1 9 9 9 9 5 5 3 0 0 0 0 0 3 7 7 3 7 7 7 3 3 3 5 1 9 0 0 0 9 9 9 5 5 5 7 7 3 3 5 7 3 0 0 9 7 1 9 5 7 7 7 3 7 0 3 7 7 3 3 0 0 0 3 3 3 3 3 3 5 5 5 7 7 1 7 5 7 9 1 5 7 5 5 1 9 5 1 

File : Instances/p51
Used 0.913229s
7601

0 1 0 0 0 1 1 0 0 0 1 0 0 1 1 1 0 0 0 0 
1 6 15 10 5 13 5 5 15 1 5 14 6 13 6 13 13 5 5 15 10 10 10 14 14 10 1 14 14 1 15 1 15 15 15 5 13 13 10 10 10 13 13 13 5 5 5 5 5 15 15 5 10 14 14 10 6 6 6 13 13 5 1 5 15 15 10 14 15 1 15 10 10 10 10 15 15 15 15 14 15 5 13 13 6 13 6 1 6 1 13 13 13 6 6 13 13 13 13 13 

File : Instances/p52
Used 1.5276s
10910

0 0 0 1 1 0 1 1 1 1 
7 7 7 7 7 7 7 7 4 4 4 4 3 4 4 4 4 8 4 3 3 4 8 3 3 9 9 9 9 9 9 9 9 6 6 6 6 6 6 6 6 6 6 6 7 7 4 8 8 4 3 3 4 6 7 3 3 3 3 4 7 8 8 3 4 4 6 7 4 7 6 6 4 3 3 8 3 4 7 7 6 4 3 3 8 3 3 7 3 3 4 6 6 7 3 7 3 4 3 7 

File : Instances/p53
Used 3.77231s
9641

0 1 0 0 0 1 0 1 0 1 0 0 1 0 0 1 0 0 1 0 
5 5 5 5 5 5 5 5 7 7 7 7 7 7 7 7 7 12 15 12 12 18 1 12 12 9 9 9 9 9 18 9 9 18 18 18 18 18 18 18 18 18 18 18 5 5 7 12 12 15 15 1 7 18 5 15 7 1 1 7 18 9 15 7 7 15 9 18 18 18 18 18 7 1 1 15 12 7 5 15 18 7 15 15 15 7 1 7 15 1 15 15 9 18 15 18 7 7 7 5 

File : Instances/p54
Used 4.64562s
9610

1 0 1 1 1 0 1 0 0 1 
9 4 4 9 4 2 4 2 2 2 2 2 2 2 2 2 2 2 2 3 4 2 2 3 2 2 3 2 3 2 3 3 3 3 3 3 3 3 3 6 6 3 3 6 6 6 3 3 3 3 3 3 6 6 6 6 3 6 6 6 4 4 6 6 4 4 4 6 4 0 0 0 0 0 4 0 0 0 0 0 4 4 4 4 4 4 4 4 4 4 4 9 4 9 4 9 9 4 9 9 

File : Instances/p55
Used 0.858943s
8514

0 0 1 0 0 0 1 0 0 1 1 0 0 1 1 0 0 0 1 0 
18 18 18 18 18 18 18 2 2 2 2 2 2 2 2 2 2 2 2 6 6 6 2 6 2 2 6 2 6 6 6 14 14 6 6 6 6 6 6 10 10 14 10 10 10 6 14 6 14 6 6 6 10 10 10 10 10 10 10 10 10 9 18 10 9 10 13 10 10 13 13 10 9 9 18 13 9 13 9 9 13 13 13 13 13 13 13 18 13 13 18 18 18 18 18 18 18 18 18 18 

File : Instances/p56
Used 4.12567s
24850

0 1 1 0 1 1 1 1 1 0 0 0 1 0 0 1 1 0 1 1 1 1 0 0 0 1 0 0 1 1 
7 19 21 18 15 12 15 28 18 28 4 28 1 1 28 18 1 20 16 28 18 16 5 2 5 18 16 19 29 15 6 19 4 16 18 6 20 8 16 16 18 8 6 29 8 19 1 21 19 19 2 16 21 16 8 6 25 4 18 25 29 2 7 8 8 25 5 19 6 25 7 12 6 8 5 1 20 5 8 16 5 5 20 25 29 8 6 2 18 7 28 6 25 25 2 1 12 6 2 28 28 15 25 7 4 2 4 16 16 1 19 4 18 12 12 8 28 7 19 8 4 25 28 19 4 16 2 12 4 2 28 21 25 20 1 20 1 8 28 20 12 16 12 25 25 2 16 15 18 25 21 28 5 28 8 6 2 15 8 1 1 18 5 21 5 18 5 4 1 21 1 20 19 20 4 2 21 20 29 20 5 21 21 19 12 8 12 5 28 21 2 21 6 4 7 12 7 15 20 19 

File : Instances/p57
Used 15.1951s
29835

1 0 0 1 0 1 0 0 0 0 1 1 1 1 1 0 0 0 1 1 1 1 0 0 1 1 0 1 1 0 
18 19 21 27 5 12 21 27 18 28 14 28 13 13 28 18 3 20 18 0 18 24 5 24 10 18 27 28 19 5 19 19 19 21 27 12 20 13 24 21 18 20 12 20 13 19 13 21 19 14 24 24 24 21 20 12 11 20 18 25 19 0 25 20 13 11 5 14 28 25 18 12 11 20 5 13 20 10 20 24 10 0 20 25 14 13 19 5 27 18 28 12 25 25 0 3 11 11 0 28 28 21 25 18 19 0 12 27 27 3 19 19 27 12 11 20 28 25 28 13 14 11 28 19 14 24 21 11 14 0 11 24 11 10 13 20 3 3 28 10 12 27 11 11 25 5 24 21 27 25 27 10 5 0 13 11 5 21 3 13 13 0 10 24 5 27 5 14 3 21 5 20 19 14 14 0 0 10 12 10 5 21 24 11 25 20 28 10 0 24 0 21 12 19 25 12 25 21 10 19 

File : Instances/p58
Used 39.0419s
41940

1 0 0 1 0 1 1 1 1 0 0 1 0 1 0 0 0 0 1 1 1 0 0 0 1 1 1 1 1 0 
18 19 24 27 5 25 5 28 18 28 26 28 13 3 28 18 3 20 18 0 18 24 5 24 13 18 27 19 26 5 19 19 26 24 27 6 20 8 27 24 18 8 6 26 8 19 13 24 19 8 24 24 27 24 8 6 25 8 18 25 26 0 7 8 3 11 13 19 19 25 7 6 6 8 5 13 20 13 8 24 13 0 26 25 26 13 6 5 27 7 28 6 25 25 0 3 11 6 0 28 28 24 25 7 6 0 6 27 18 3 19 6 18 6 11 8 11 7 28 8 26 11 28 19 20 24 5 11 26 28 11 24 25 20 13 8 3 3 28 20 11 18 11 11 25 5 27 27 18 25 27 28 13 0 8 11 5 24 3 13 13 28 20 0 5 27 5 26 3 24 3 20 19 20 26 0 0 20 26 20 5 5 0 19 11 8 11 13 28 24 0 24 6 6 7 25 7 24 20 19 

File : Instances/p59
Used 4.66213s
29453

0 0 1 0 1 0 1 0 0 0 0 0 1 1 1 1 1 1 1 1 0 0 0 1 1 1 1 0 1 0 
18 19 2 18 15 12 15 28 18 28 4 28 13 23 28 18 13 23 16 17 18 16 2 24 17 18 24 19 4 2 19 19 4 16 28 6 14 26 24 15 18 26 6 4 13 19 13 16 19 14 24 16 16 16 13 6 12 26 18 25 4 2 18 14 13 12 2 14 19 12 18 12 6 26 23 23 14 17 26 16 23 17 26 25 4 23 6 2 24 25 28 6 25 25 2 13 18 6 17 28 19 15 12 25 4 24 4 24 16 13 19 4 18 12 12 26 28 25 17 14 26 25 17 19 26 16 2 12 26 17 28 24 25 14 23 26 13 13 28 14 12 16 6 25 25 2 24 15 18 25 24 17 23 17 13 28 2 15 13 13 13 28 23 24 23 28 23 4 13 15 23 14 19 14 26 2 17 14 4 14 2 15 16 19 12 26 28 23 24 16 2 15 6 4 25 6 25 15 17 19 

File : Instances/p60
Used 15.0043s
29940

0 1 0 0 1 1 0 1 1 0 0 0 0 0 0 0 1 0 1 0 1 0 0 1 0 1 0 0 0 1 
7 4 16 18 5 25 16 18 18 18 29 20 8 1 20 18 1 20 18 18 18 16 5 16 23 18 18 8 29 5 4 4 4 16 18 4 20 8 16 16 18 8 4 29 8 4 8 16 4 20 18 16 5 16 8 4 7 8 18 25 29 23 7 8 8 25 23 20 4 25 7 25 4 8 23 23 20 23 8 16 23 23 8 7 29 23 4 5 18 7 7 4 25 25 5 1 18 4 23 25 20 16 25 7 4 5 29 16 18 1 20 29 18 25 25 8 7 7 20 8 8 25 23 4 8 16 5 25 4 23 18 16 25 20 1 8 1 1 25 20 25 18 25 25 25 5 16 16 18 25 5 20 23 23 8 7 5 16 8 1 1 18 23 5 5 7 1 29 1 16 1 20 20 20 29 5 23 20 29 20 5 16 5 4 25 8 7 23 23 16 5 16 4 4 7 29 7 5 20 4 

File : Instances/p61
Used 13.0509s
30463

0 0 1 0 1 0 1 1 1 0 0 0 1 0 0 0 1 1 1 0 0 0 0 0 0 0 0 1 1 0 
18 6 2 27 2 12 16 27 18 28 4 28 8 2 28 18 8 28 18 27 18 16 2 27 17 18 27 28 4 2 6 6 4 16 27 6 6 8 27 16 18 8 6 4 8 6 8 2 6 28 27 16 16 16 8 6 18 4 18 7 4 27 7 8 8 12 2 28 6 12 18 12 6 4 17 17 28 17 8 16 17 17 4 7 4 17 6 2 27 7 28 6 7 7 2 8 28 6 17 28 28 16 12 18 4 27 4 27 18 8 6 4 27 12 12 8 28 7 17 8 4 12 28 6 4 16 16 12 4 17 28 27 12 28 17 6 8 8 28 17 12 18 12 12 7 2 16 16 18 7 27 17 2 28 8 12 2 16 8 8 2 27 17 16 2 27 2 4 8 2 2 8 17 28 4 2 27 17 4 17 2 16 16 6 12 8 28 2 27 16 2 2 6 4 7 12 7 2 17 6 

File : Instances/p62
Used 12.9666s
37995

0 0 1 0 0 0 1 1 1 0 0 1 1 1 0 0 1 0 1 0 0 0 0 0 0 0 0 1 1 0 
18 6 2 27 2 12 16 27 18 28 6 28 13 13 28 18 13 8 18 27 18 16 2 27 13 18 27 28 6 2 6 6 6 16 27 6 8 8 27 16 18 8 12 6 8 6 13 2 28 28 27 16 16 16 8 12 11 8 18 7 6 27 7 8 13 11 2 28 11 11 18 12 6 8 28 13 8 2 8 16 13 2 8 7 12 13 6 2 27 7 11 6 7 11 2 13 11 12 2 28 28 16 12 18 12 27 12 27 18 13 6 6 18 12 12 8 11 7 28 8 11 11 28 6 6 16 16 11 6 28 28 27 11 8 13 8 13 13 28 28 12 18 11 11 11 2 16 16 18 7 27 28 13 27 8 11 2 16 8 13 13 27 13 16 2 27 2 12 13 2 2 8 28 28 6 2 27 8 12 8 2 16 16 28 12 8 11 13 27 16 2 2 6 6 7 12 7 2 28 6 

File : Instances/p63
Used 21.562s
27126

0 0 1 0 1 0 1 0 0 0 0 0 0 1 0 0 0 1 1 0 0 0 0 1 1 1 0 0 1 1 
18 6 2 24 2 6 2 28 18 28 4 28 23 23 28 18 13 23 18 17 18 24 23 24 23 18 24 28 29 2 4 4 4 2 28 6 17 13 24 24 18 13 6 4 13 4 13 2 6 28 24 24 24 24 13 6 25 4 18 25 29 17 18 13 13 25 23 17 28 25 18 6 6 13 23 23 13 17 4 24 23 17 4 25 29 13 6 2 24 25 28 6 25 25 17 13 28 6 17 28 28 2 25 18 4 24 4 24 18 13 4 29 18 6 6 13 28 25 17 13 4 25 17 4 4 24 2 25 4 17 28 24 25 23 23 4 13 13 28 17 6 18 6 25 25 2 24 2 18 25 24 17 23 17 13 28 2 2 13 13 13 28 23 24 23 18 23 29 13 2 23 13 28 17 29 2 28 17 29 23 2 2 2 6 6 13 28 23 17 24 2 2 6 4 25 6 25 2 17 6 

File : Instances/p64
Used 16.8349s
33688

0 1 0 1 1 0 0 1 0 0 0 0 0 0 0 1 0 0 1 0 0 1 0 0 0 0 1 0 0 1 
18 4 21 18 15 4 15 18 18 18 4 26 3 1 26 18 1 3 18 18 18 21 1 21 1 18 21 26 29 15 4 4 4 21 18 4 26 3 21 15 18 26 4 29 3 26 3 21 26 26 21 21 21 15 3 4 7 26 18 7 29 15 7 26 3 18 1 26 4 7 7 4 4 26 1 1 3 1 3 21 1 21 26 7 29 3 4 15 18 7 18 4 7 7 21 3 18 4 21 26 26 15 7 7 4 21 4 21 18 3 26 29 18 4 7 3 18 7 26 3 26 18 26 4 26 15 15 7 26 21 18 21 7 3 1 26 3 3 18 26 7 18 4 7 7 21 21 15 18 7 15 1 1 21 3 7 21 15 3 3 1 18 3 21 1 18 1 4 3 21 1 3 26 26 26 15 21 3 29 3 21 15 21 4 7 26 7 1 18 21 21 21 4 4 7 4 7 15 3 26 

File : Instances/p65
Used 5.93459s
30490

0 0 0 0 1 0 0 0 0 0 0 1 1 0 0 0 1 0 1 1 1 0 0 1 0 0 0 0 0 0 
18 19 16 18 16 12 16 11 18 11 4 19 20 23 19 18 23 20 16 11 18 16 23 16 23 18 18 19 4 16 19 19 4 16 18 12 20 20 18 16 18 20 12 4 20 4 20 16 19 19 18 16 16 16 20 12 11 4 18 11 4 19 11 20 20 11 23 19 12 12 18 12 19 19 23 23 20 23 20 18 23 23 19 12 4 20 19 23 18 11 11 19 11 11 23 23 11 12 19 11 19 16 12 18 4 11 4 18 18 20 19 4 18 12 12 20 11 11 19 20 4 11 19 4 4 16 16 12 4 19 11 16 12 20 23 20 23 20 11 20 12 18 12 11 11 23 16 16 18 12 18 19 23 19 20 11 23 16 20 20 23 11 23 11 23 18 23 4 23 16 23 20 19 19 4 11 11 20 4 20 23 16 16 19 12 20 11 23 11 16 16 16 19 4 18 12 18 16 20 19 

File : Instances/p66
Used 12.249s
34887

0 0 1 0 1 0 0 0 0 0 1 1 0 0 0 0 0 1 1 1 1 0 0 0 0 0 0 0 0 0 
18 19 2 18 2 11 2 11 18 17 4 17 10 10 19 18 10 20 18 17 18 2 2 17 10 18 18 19 4 2 19 19 4 2 18 19 20 20 18 2 18 20 19 4 20 19 20 2 19 20 2 2 17 2 20 19 11 20 18 11 4 17 18 20 20 11 10 17 19 11 18 11 19 20 10 10 20 10 20 2 10 17 20 11 4 10 4 17 18 11 17 19 11 11 2 20 11 19 2 17 19 2 11 18 4 17 4 18 18 20 19 4 18 19 11 20 19 11 17 20 4 11 17 19 4 2 2 11 19 17 11 2 11 20 10 20 20 20 17 10 11 18 19 11 11 2 18 2 18 11 17 17 10 17 20 11 2 2 20 20 10 17 10 17 10 11 10 4 20 2 10 20 19 10 4 2 17 10 4 10 2 2 2 19 11 20 19 10 17 17 2 2 19 4 18 4 18 2 10 19 

File : Instances/p67
Used 35.3639s
32586

0 0 0 0 1 0 1 0 0 0 1 0 0 1 1 0 0 1 1 0 0 0 0 1 0 1 0 0 1 1 
18 4 17 18 10 6 10 28 18 28 4 28 13 13 28 18 13 10 18 17 18 18 23 17 10 18 18 14 29 23 4 4 4 28 18 6 14 13 17 10 18 14 6 4 13 4 13 23 14 14 17 17 23 28 10 6 25 14 18 25 29 14 25 13 13 25 23 14 6 25 18 6 6 14 23 23 10 10 14 18 10 17 4 25 29 13 6 14 18 25 28 6 25 25 23 13 28 6 17 28 28 23 25 18 4 17 4 17 25 13 14 4 18 6 6 14 28 25 14 13 4 25 28 4 4 18 13 6 4 17 28 18 25 10 23 4 13 13 28 10 6 18 6 25 25 10 28 17 18 25 28 14 23 17 13 28 23 14 13 13 13 28 10 17 23 28 23 29 13 17 23 14 14 14 4 17 17 10 29 10 23 10 23 6 25 13 28 23 17 17 23 17 6 4 25 6 25 17 10 6 

File : Instances/p68
Used 12.1449s
25748

0 1 0 0 1 0 1 0 1 0 0 0 0 0 0 1 0 0 1 1 0 0 0 1 0 1 0 1 1 1 
18 19 15 27 15 6 15 27 18 28 4 28 1 1 28 18 1 8 18 27 18 15 1 27 23 18 27 19 29 15 19 4 4 15 27 6 8 8 27 15 18 8 6 4 8 19 8 15 19 19 27 27 27 15 8 6 25 8 18 25 29 27 18 8 8 6 1 19 19 25 18 6 19 8 23 23 8 23 8 27 23 23 8 25 29 1 6 1 27 25 28 19 25 25 23 1 27 6 23 28 19 15 25 18 4 27 4 27 18 1 19 4 18 6 6 8 28 25 28 8 4 25 28 19 4 15 15 25 4 23 28 27 25 8 1 8 1 1 28 23 6 27 19 25 25 23 27 15 18 25 27 19 23 28 8 28 15 15 8 1 1 27 23 27 23 27 1 4 1 15 1 8 19 8 4 1 28 8 29 8 23 15 15 19 6 8 28 23 27 15 15 15 6 4 25 6 25 15 8 19 

File : Instances/p69
Used 11.958s
27008

1 0 0 0 0 0 0 0 1 1 0 0 1 1 0 0 0 0 1 1 0 1 0 0 0 0 0 1 1 1 
18 19 21 27 21 12 21 27 18 28 29 19 8 13 19 18 13 8 27 27 27 21 0 27 8 18 27 28 29 21 19 19 19 21 27 12 8 8 27 21 18 9 19 29 8 19 13 21 19 9 0 21 21 21 8 19 18 9 18 18 29 0 18 8 8 12 0 19 28 12 18 12 19 9 0 13 8 0 8 21 13 0 9 12 29 13 19 0 27 18 28 19 18 12 0 13 27 12 0 28 28 21 12 18 29 0 29 27 27 13 19 29 27 12 12 8 28 18 0 8 9 12 28 19 9 21 21 12 19 0 28 0 12 8 13 9 13 13 28 8 12 27 19 12 12 0 27 21 27 12 27 0 13 0 8 28 21 21 8 13 13 27 8 0 0 27 13 29 13 21 13 8 19 9 9 21 0 8 29 8 21 21 21 19 12 8 28 13 0 21 21 21 19 29 18 12 18 21 8 19 

File : Instances/p70
Used 13.4274s
35590

0 0 0 0 0 1 0 0 1 0 0 0 1 1 0 0 0 1 0 1 0 1 0 0 0 0 1 1 1 0 
27 19 21 27 5 12 21 27 27 17 26 28 13 13 28 27 13 8 27 27 27 21 5 21 13 27 27 19 26 21 19 26 26 21 27 12 8 8 21 21 27 8 19 26 8 26 13 21 19 8 27 27 21 21 8 19 28 8 27 12 26 5 12 8 8 12 5 19 19 12 27 12 19 8 5 13 8 5 8 27 13 17 26 12 26 13 19 5 27 28 28 19 12 12 5 13 28 19 17 28 17 21 12 27 26 5 26 21 27 13 19 26 27 12 12 8 28 12 17 8 26 28 17 19 26 21 5 28 26 17 28 27 12 8 5 8 13 13 28 17 12 27 19 12 12 5 21 21 27 12 21 17 5 17 8 28 5 21 13 13 13 27 13 5 5 17 5 26 13 21 5 8 19 8 26 5 17 8 26 8 5 21 21 19 19 8 28 13 17 21 21 21 19 26 12 12 27 21 8 19 

File : Instances/p71
Used 21.502s
28476

0 0 1 0 1 0 1 0 0 0 1 0 0 1 1 0 0 1 1 0 0 0 0 1 1 1 0 0 1 1 
18 6 2 18 23 4 2 28 18 17 4 28 13 13 28 18 13 10 24 28 18 24 23 24 10 18 18 14 29 2 4 4 4 24 18 6 14 13 24 2 18 14 6 29 13 4 13 2 14 14 24 24 2 24 10 6 25 14 18 25 29 17 25 10 13 6 23 14 14 25 18 6 4 14 10 23 10 10 10 24 10 17 14 25 29 10 6 23 18 25 28 6 25 25 23 13 28 6 17 28 14 2 25 18 4 24 29 24 18 13 14 29 18 6 6 13 28 25 17 13 14 25 17 4 14 24 2 28 4 17 28 24 25 10 23 14 13 13 28 10 6 17 28 25 25 23 24 2 18 25 24 17 23 17 13 28 23 24 13 13 13 28 10 24 23 17 23 29 13 2 23 10 14 14 29 2 17 10 29 10 2 2 2 6 6 14 28 23 17 2 2 2 4 4 25 6 25 2 10 6 

