File : Instances/p1
Used 6s
8848

1 1 1 1 1 0 1 0 1 0 
8 2 1 6 3 8 2 4 4 1 4 0 3 2 8 3 2 0 6 4 3 4 6 4 2 6 1 6 0 1 2 6 0 3 4 4 4 3 0 4 3 8 1 6 4 0 2 0 4 0 

File : Instances/p2
Used 5s
7914

1 1 1 1 1 0 1 0 1 0 
8 2 1 6 3 8 2 4 4 1 4 0 3 2 8 3 2 0 6 4 3 4 6 4 2 6 1 6 0 1 2 6 0 3 4 4 4 3 0 4 3 8 1 6 4 0 2 0 4 0 

File : Instances/p3
Used 6s
9314

1 1 1 1 1 0 1 0 1 0 
8 2 1 6 3 8 2 4 4 1 4 0 3 2 8 3 2 0 6 4 3 4 6 4 2 6 1 6 0 1 2 6 0 3 4 4 4 3 0 4 3 8 1 6 4 0 2 0 4 0 

File : Instances/p4
Used 7s
10859

1 0 1 1 1 1 0 0 1 0 
8 2 5 5 3 8 2 4 4 5 4 0 3 2 8 3 2 0 2 4 3 4 5 4 2 5 3 5 0 5 2 5 0 3 4 4 4 3 0 4 5 8 3 5 4 0 2 0 4 0 

File : Instances/p5
Used 6s
8838

1 1 1 1 1 0 1 0 1 1 
8 8 1 6 3 8 2 4 4 1 9 8 3 2 8 3 2 0 9 9 3 8 6 4 2 6 1 1 0 1 2 6 0 3 9 4 4 3 0 4 1 8 1 6 4 0 9 3 4 0 

File : Instances/p6
Used 5s
7777

1 1 1 1 1 0 1 1 1 1 
8 8 1 6 3 8 2 4 4 1 9 8 3 2 8 3 4 0 9 7 3 8 6 4 2 6 1 1 0 1 2 6 0 3 9 4 4 3 0 4 1 8 1 6 7 0 2 3 7 0 

File : Instances/p7
Used 6s
9488

1 1 1 1 1 0 1 0 1 1 
8 8 1 6 3 8 2 4 4 1 9 8 3 2 8 3 2 0 9 9 3 8 6 4 2 6 1 1 0 1 2 6 0 3 9 4 4 3 0 4 1 8 1 6 4 0 9 3 4 0 

File : Instances/p8
Used 6s
11088

1 1 1 1 1 0 1 0 1 1 
8 8 1 6 3 8 2 4 4 1 9 8 3 2 8 3 2 0 9 9 3 8 6 4 2 6 1 1 0 1 2 6 0 3 9 4 4 3 0 4 1 8 1 6 4 0 9 3 4 0 

File : Instances/p9
Used 7s
8462

1 1 1 0 1 0 1 0 1 0 
8 8 1 6 1 8 2 4 4 1 4 8 0 2 8 0 2 0 6 4 1 8 6 4 2 6 1 1 8 1 2 6 0 0 4 4 4 1 0 4 1 8 1 6 4 0 2 0 4 0 

File : Instances/p10
Used 5s
7617

1 1 1 1 1 0 1 1 1 0 
8 8 1 6 3 8 2 4 4 1 4 8 3 2 8 3 4 0 6 7 3 8 6 4 2 6 1 1 0 1 2 6 0 3 4 4 4 3 0 4 1 8 1 6 7 0 4 0 4 0 

File : Instances/p11
Used 6s
8932

1 1 1 0 1 0 1 0 1 0 
8 8 1 6 1 8 2 4 4 1 4 8 0 2 8 0 2 0 6 4 1 8 6 4 2 6 1 1 8 1 2 6 0 0 4 4 4 1 0 4 1 8 1 6 4 0 2 0 4 0 

File : Instances/p12
Used 7s
10138

1 1 1 0 1 0 1 0 1 0 
8 8 1 6 1 8 2 4 4 1 4 8 0 2 8 0 2 0 6 4 1 8 6 4 2 6 1 1 0 1 2 6 0 2 4 4 4 0 0 4 1 8 1 6 4 0 2 0 4 0 

File : Instances/p13
Used 13s
8252

1 1 0 0 0 0 0 0 0 1 1 0 0 1 1 1 0 1 0 1 
0 1 10 10 1 13 17 13 14 17 15 19 1 10 13 14 15 10 17 9 14 15 15 19 9 1 0 17 1 17 13 15 13 0 1 10 17 19 19 13 9 0 15 0 9 13 14 10 19 9 

File : Instances/p14
Used 12s
7182

1 0 0 1 0 0 0 0 0 1 1 0 0 1 1 1 0 1 0 1 
0 3 10 10 19 15 17 13 14 17 15 19 19 10 13 3 15 10 17 9 14 15 15 19 9 17 0 17 3 17 13 14 13 0 3 10 3 19 19 13 9 0 15 0 3 13 14 10 19 9 

File : Instances/p15
Used 14s
8862

0 0 0 1 0 0 0 0 0 1 1 0 0 1 0 1 1 1 0 1 
16 3 10 10 19 15 17 13 3 17 15 19 19 10 13 3 15 10 17 9 3 15 15 19 9 17 16 17 3 17 13 15 13 16 3 10 3 19 19 13 9 16 16 16 3 13 15 10 19 9 

File : Instances/p16
Used 17s
10612

0 0 0 1 0 0 0 0 0 1 1 0 0 1 0 1 1 1 0 1 
16 3 10 10 19 15 17 13 3 17 15 19 19 9 13 3 15 10 17 9 15 15 15 19 9 17 16 17 3 17 13 10 13 16 3 10 3 19 19 13 9 16 16 16 3 13 15 10 19 9 

File : Instances/p17
Used 13s
8227

1 0 0 0 0 0 0 0 0 1 1 0 1 1 0 1 0 1 0 1 
0 12 10 10 12 12 17 13 12 17 15 19 19 10 13 12 15 10 17 9 12 15 15 19 9 19 0 17 12 17 13 15 13 0 12 10 17 19 19 13 9 0 15 0 9 13 12 10 19 9 

File : Instances/p18
Used 12s
7188

0 0 0 1 0 0 0 0 0 1 1 0 1 1 0 1 1 1 0 1 
16 12 10 10 19 12 17 13 12 17 15 19 19 10 13 3 15 10 17 9 12 15 15 19 9 17 16 17 3 17 13 15 13 16 3 10 3 19 19 13 9 16 15 16 3 13 12 10 19 9 

File : Instances/p19
Used 12s
8887

0 0 0 1 0 0 1 0 0 0 1 0 0 1 0 1 1 1 0 1 
16 3 10 10 19 13 17 13 3 17 15 19 19 6 13 3 15 10 17 6 15 15 15 19 6 17 16 17 3 17 13 15 13 16 3 10 3 19 19 13 6 16 15 16 3 13 10 10 19 6 

File : Instances/p20
Used 13s
10513

1 0 0 0 0 0 0 0 0 1 1 0 1 1 0 1 0 1 0 1 
0 12 10 10 12 12 17 13 12 17 15 19 19 10 13 12 15 10 17 9 12 15 15 19 9 19 0 17 12 17 13 15 13 0 12 10 17 19 19 13 9 0 15 0 9 13 12 10 19 9 

File : Instances/p21
Used 13s
8068

1 0 0 0 0 0 0 0 0 1 1 0 1 1 0 1 0 1 0 1 
0 12 10 10 19 12 17 13 12 17 15 19 19 10 13 12 15 10 17 9 12 15 15 19 9 17 0 17 12 17 13 15 13 0 12 10 17 19 19 13 10 0 0 0 9 13 12 10 19 9 

File : Instances/p22
Used 13s
7154

1 0 0 0 0 0 0 0 0 1 1 0 1 1 0 1 0 1 0 1 
0 12 10 10 19 12 17 13 12 17 15 19 19 10 13 12 15 10 17 9 12 15 15 19 9 17 0 17 12 17 13 15 13 0 12 10 17 19 19 13 10 0 0 0 9 13 12 10 19 9 

File : Instances/p23
Used 13s
8806

0 0 0 1 0 0 1 0 0 0 1 0 0 1 0 1 1 1 0 1 
16 3 10 10 19 15 17 13 3 17 15 19 19 6 13 3 15 10 17 6 15 15 15 19 6 17 16 17 3 17 13 15 13 16 3 10 3 19 19 13 6 16 15 16 3 13 15 10 19 6 

File : Instances/p24
Used 14s
10327

0 1 0 0 0 0 0 0 0 1 1 0 0 1 0 1 1 1 0 0 
16 1 10 10 1 15 17 13 10 17 15 1 1 10 13 1 15 10 17 9 15 15 15 13 9 17 16 17 1 17 13 15 13 16 1 10 17 1 1 13 10 16 15 16 9 13 15 10 1 9 

File : Instances/p25
Used 77s
11639

1 0 1 0 0 1 0 0 0 0 0 1 0 0 1 0 0 1 0 0 1 0 0 0 1 0 0 0 0 0 
20 11 20 2 20 5 2 24 14 17 24 20 20 20 0 14 14 17 5 11 2 0 5 0 5 20 2 24 5 24 5 11 20 11 20 20 24 24 0 14 0 14 24 14 24 14 0 20 11 14 5 14 14 5 20 20 17 11 11 14 0 5 20 11 11 11 24 0 24 24 20 20 11 17 24 20 24 20 14 24 20 0 20 17 0 17 17 0 20 5 2 24 17 11 0 24 2 0 11 20 20 0 17 11 2 5 0 11 14 14 14 14 2 11 11 11 24 24 24 24 5 14 11 20 20 0 5 24 0 5 0 11 24 5 14 14 0 5 20 17 0 20 20 14 14 11 11 5 2 5 

File : Instances/p26
Used 78s
10781

1 0 1 0 0 1 0 0 0 0 0 1 0 0 1 0 0 1 0 0 1 0 0 0 1 0 0 0 0 0 
20 11 20 2 20 5 2 24 14 17 24 20 20 20 0 14 14 17 5 11 2 0 5 0 5 20 2 24 5 24 5 11 20 11 20 20 24 24 0 14 0 14 24 14 24 14 0 20 11 14 5 14 14 5 20 20 17 11 11 14 0 5 20 11 11 11 24 0 24 24 20 20 11 0 24 20 24 20 14 24 20 0 20 17 17 17 17 0 20 5 2 24 17 11 0 24 2 0 11 20 20 17 17 11 2 5 0 11 14 14 14 14 2 11 11 11 24 24 24 24 5 14 11 20 20 0 5 24 0 11 0 11 24 5 14 14 0 5 20 17 0 20 20 14 14 11 11 5 2 5 

File : Instances/p27
Used 77s
12340

1 0 0 0 0 1 0 0 0 0 0 1 0 0 1 0 0 1 0 0 1 0 0 0 1 0 0 0 0 0 
20 11 20 14 20 5 0 24 14 17 24 20 20 20 11 14 14 17 5 11 14 11 5 0 5 20 17 24 5 24 5 11 20 11 20 20 24 24 11 14 0 14 24 0 24 14 11 20 11 14 5 0 14 5 20 20 17 11 11 14 0 5 20 11 11 11 24 0 24 24 20 20 11 0 24 20 24 20 0 24 20 0 20 17 0 17 0 0 20 5 0 24 0 11 0 24 14 11 11 20 20 0 17 11 0 5 0 11 14 14 14 14 17 11 11 11 24 24 24 24 5 14 11 20 20 11 5 24 11 5 0 11 24 5 14 14 0 5 20 17 0 20 20 14 14 11 11 5 17 5 

File : Instances/p28
Used 79s
13736

1 0 0 0 0 1 0 0 0 0 0 1 0 0 1 0 0 1 0 0 1 0 0 0 1 0 0 0 0 0 
20 11 20 14 20 5 0 24 14 17 24 20 20 20 0 14 14 17 5 11 14 0 5 0 5 20 17 24 5 24 5 11 20 11 20 20 24 24 11 14 0 14 24 11 24 14 11 20 11 14 5 0 14 5 20 20 17 11 11 14 0 5 20 11 11 11 24 0 24 24 20 20 11 0 24 20 24 20 0 24 20 0 20 17 0 17 0 0 20 5 0 24 0 11 0 24 14 11 11 20 20 0 17 11 0 5 0 11 14 14 14 14 17 11 11 11 24 24 24 24 5 14 11 20 20 11 5 24 11 5 0 11 24 5 14 14 11 5 20 17 0 20 20 14 14 11 11 5 17 5 

File : Instances/p29
Used 153s
12450

1 0 1 0 0 1 1 0 1 0 0 1 0 0 1 1 0 1 0 0 1 0 0 0 1 0 0 0 0 0 
20 11 6 2 20 5 2 24 8 17 5 8 8 20 2 14 14 17 5 11 2 0 5 17 15 8 2 24 5 15 5 11 6 11 20 20 24 15 0 14 0 14 15 8 24 14 0 20 11 8 24 14 14 5 6 20 17 0 0 14 0 5 20 0 11 11 24 0 24 24 8 6 11 17 24 8 15 20 14 24 20 0 20 17 2 17 17 0 20 5 2 24 17 11 17 5 2 2 0 6 8 17 17 11 2 5 17 11 14 8 14 14 2 11 11 0 24 15 24 24 5 8 11 20 8 17 5 15 0 15 0 11 24 15 8 14 17 5 20 17 0 8 20 14 8 11 11 5 2 5 

File : Instances/p30
Used 155s
11391

1 0 1 0 0 1 0 0 1 0 0 1 0 0 1 0 0 1 0 0 1 0 0 0 1 1 0 0 0 0 
20 25 8 2 8 5 2 24 14 17 25 8 14 20 0 14 17 17 25 11 2 17 25 17 25 8 2 24 5 24 11 25 14 25 20 20 24 24 0 14 0 14 24 2 24 14 0 8 11 8 25 2 14 5 20 20 17 11 11 14 0 5 20 11 11 11 24 0 25 25 8 20 11 17 24 8 5 20 2 5 20 0 8 17 17 17 17 0 20 5 2 24 17 11 0 5 2 0 11 8 8 17 17 25 2 25 17 11 14 14 14 2 2 11 25 11 24 24 5 24 5 8 25 20 8 0 5 5 0 11 0 11 24 25 8 14 0 5 20 17 0 8 20 14 8 11 25 5 2 5 

File : Instances/p31
Used 217s
13367

1 0 1 0 0 1 0 0 1 0 0 1 0 0 1 0 0 1 0 0 1 0 0 0 1 1 0 0 0 0 
20 11 8 2 8 5 2 24 14 17 24 8 8 20 17 14 17 17 25 11 2 0 11 0 25 8 2 24 5 5 25 25 14 25 20 20 24 24 0 14 0 14 24 2 24 14 0 20 11 8 25 2 14 5 8 20 17 25 11 14 0 5 20 11 11 11 24 0 5 25 8 20 11 17 24 8 5 20 2 5 20 0 8 17 17 17 17 0 20 5 2 24 17 11 17 24 2 0 25 8 20 17 17 25 2 25 0 11 14 14 14 2 2 11 11 11 24 24 5 24 5 8 25 20 8 0 5 25 0 11 0 11 24 25 14 14 0 5 20 17 0 8 20 14 8 25 25 5 2 5 

File : Instances/p32
Used 245s
15387

1 0 1 0 0 1 0 0 1 0 0 1 0 0 1 0 0 1 0 0 1 0 0 0 1 1 0 0 0 0 
20 11 8 2 8 5 2 24 14 17 5 20 8 20 17 14 14 17 25 11 2 0 25 17 25 8 2 24 5 5 25 25 8 25 20 20 24 24 0 14 0 14 24 0 24 14 0 20 11 8 25 2 14 5 8 20 17 11 11 14 0 5 20 11 11 11 5 0 5 25 8 20 11 17 24 8 24 20 2 24 20 0 8 17 17 17 17 17 20 5 2 24 17 11 0 24 2 0 11 14 14 17 17 25 2 25 0 11 14 14 14 2 2 11 11 11 24 24 5 24 5 8 25 20 8 0 5 25 0 25 0 11 24 25 2 14 0 5 20 17 0 8 20 14 8 11 25 5 2 5 

File : Instances/p33
Used 76s
11706

1 0 0 0 0 1 0 0 1 0 0 1 0 0 1 0 0 1 0 0 1 0 0 0 1 0 0 0 0 0 
20 11 20 14 20 5 0 24 14 17 24 8 8 20 0 14 14 17 5 11 14 0 5 17 5 8 17 24 5 24 5 11 8 11 20 20 24 24 0 14 0 14 24 8 24 14 0 20 11 8 5 14 14 5 20 20 17 11 0 14 0 5 20 11 11 11 24 0 5 24 8 20 11 17 24 8 24 20 14 24 20 0 20 17 17 17 17 0 20 5 14 24 17 11 17 5 17 0 11 20 8 17 17 11 14 5 17 11 14 8 14 14 17 11 11 11 24 24 24 24 5 8 11 20 8 0 5 5 0 11 0 11 24 5 8 14 17 5 20 17 0 8 20 14 8 11 11 5 17 5 

File : Instances/p34
Used 73s
10635

1 0 0 0 0 1 0 0 1 0 0 1 0 0 1 0 0 1 0 0 1 0 0 0 1 0 0 0 0 0 
20 11 20 14 20 5 17 24 14 17 5 8 8 20 0 14 14 17 5 11 14 0 5 17 5 8 17 24 5 24 5 11 8 11 20 20 24 24 0 14 0 14 24 8 24 14 0 20 11 8 5 14 14 5 20 20 17 11 0 14 0 5 20 11 11 11 24 0 5 5 8 20 11 17 24 8 24 20 14 24 20 0 20 17 17 17 17 0 20 5 17 24 17 11 0 24 14 14 11 20 8 17 17 11 17 5 0 11 14 8 14 14 17 11 11 11 24 24 24 24 5 8 11 20 8 0 5 24 0 11 0 11 24 5 8 14 0 5 20 17 0 8 20 14 8 11 11 5 17 5 

File : Instances/p35
Used 75s
12235

1 0 0 0 0 1 0 0 1 0 0 1 0 0 1 0 0 1 0 0 1 0 0 0 1 0 0 0 0 0 
20 11 20 14 20 5 17 24 14 17 5 8 8 20 0 14 14 17 5 11 14 0 5 17 5 8 17 24 5 24 5 11 8 11 20 20 24 24 0 14 0 14 24 8 24 14 0 20 11 8 5 14 14 5 20 20 17 11 0 14 0 5 20 11 11 11 24 0 24 5 8 20 11 17 24 8 24 20 14 24 20 0 20 17 17 17 17 0 20 5 17 24 17 11 0 5 14 14 11 20 8 17 17 11 17 5 0 11 14 8 14 14 17 11 11 11 24 24 24 24 5 8 11 20 8 0 5 24 0 11 0 11 24 5 8 14 0 5 20 17 0 8 20 14 8 11 11 5 17 5 

File : Instances/p36
Used 75s
13835

1 0 0 0 0 1 0 0 1 0 0 1 0 0 1 0 0 1 0 0 1 0 0 0 1 0 0 0 0 0 
20 11 20 14 20 5 17 24 14 17 5 8 8 20 0 14 14 17 5 11 14 0 5 17 5 8 17 24 5 24 5 11 8 11 20 20 24 24 0 14 0 14 24 8 24 14 0 20 11 8 5 14 14 5 20 20 17 11 0 14 0 5 20 11 11 11 24 0 5 5 8 20 11 17 24 8 24 20 14 24 20 0 20 17 17 17 17 0 20 5 17 24 17 11 0 24 14 14 11 20 8 17 17 11 17 5 0 11 14 8 14 14 17 11 11 11 24 24 24 24 5 8 11 20 8 0 5 24 0 11 0 11 24 5 8 14 0 5 20 17 0 8 20 14 8 11 11 5 17 5 

File : Instances/p37
Used 116s
11258

0 0 0 0 0 1 0 0 0 0 0 1 0 0 1 0 0 1 0 0 1 0 0 0 1 0 0 0 0 0 
20 11 20 14 20 5 14 24 14 17 24 20 20 20 17 14 14 17 5 11 14 17 5 17 5 20 17 24 5 24 5 11 20 11 20 20 24 24 11 14 17 14 24 14 24 14 11 20 11 14 5 14 14 5 20 20 17 11 11 14 17 5 20 11 11 11 24 17 5 24 20 20 11 17 24 20 24 20 14 24 20 17 20 17 17 17 17 17 20 5 17 24 17 11 17 24 14 14 11 20 20 17 17 11 17 5 17 11 14 14 14 14 17 11 11 11 24 24 24 24 5 14 11 20 20 11 5 24 11 5 17 11 24 5 14 14 17 5 20 17 17 20 20 14 20 11 11 5 17 5 

File : Instances/p38
Used 48s
10551

1 0 0 0 0 1 0 0 0 0 0 1 0 0 1 0 0 1 0 0 1 0 0 0 1 0 0 0 0 0 
20 11 20 14 20 5 17 24 14 17 24 20 20 20 17 14 14 17 5 11 14 0 5 17 5 20 17 24 5 24 5 11 20 11 20 20 24 24 0 14 0 14 24 14 24 14 0 20 11 14 5 14 14 5 20 20 17 11 0 14 0 5 20 11 11 11 24 0 24 24 20 20 11 17 24 20 24 20 14 24 20 0 20 17 17 17 17 0 20 5 17 24 17 11 17 5 14 14 11 20 20 17 17 11 17 5 17 11 14 14 14 14 17 11 11 11 24 24 24 24 5 14 11 20 20 0 5 24 0 5 0 11 24 5 14 14 17 5 20 17 0 20 20 14 20 11 11 5 17 5 

File : Instances/p39
Used 69s
11824

1 0 0 0 0 1 0 0 0 0 0 0 0 0 1 0 0 1 0 0 1 0 0 0 1 0 0 0 0 0 
20 0 20 14 20 5 17 24 14 17 24 20 20 20 17 14 14 17 5 0 14 0 5 17 5 20 17 24 5 24 5 5 20 5 20 20 24 24 0 14 0 14 24 14 24 14 0 20 0 14 5 14 14 5 20 20 17 0 0 14 0 5 20 0 0 0 24 0 24 24 20 20 5 17 24 20 24 20 14 24 20 0 20 17 17 17 17 0 20 5 17 24 17 0 17 24 14 14 5 20 20 17 17 0 17 5 17 0 14 14 14 14 17 0 0 5 24 24 24 24 5 14 5 20 20 0 5 24 0 5 0 0 24 5 14 14 17 5 20 17 0 20 20 14 20 0 0 5 17 5 

File : Instances/p40
Used 72s
13024

1 0 0 0 0 1 0 0 0 0 0 0 0 0 1 0 0 1 0 0 1 0 0 0 1 0 0 0 0 0 
20 0 20 14 20 5 17 24 14 17 24 20 20 20 17 14 14 17 5 0 14 0 5 17 5 20 17 24 5 24 5 5 20 5 20 20 24 24 0 14 0 14 24 14 24 14 0 20 0 14 5 14 14 5 20 20 17 0 0 14 0 5 20 0 0 0 24 0 5 24 20 20 5 17 24 20 24 20 14 24 20 0 20 17 17 17 17 0 20 5 17 24 17 0 17 5 14 14 5 20 20 17 17 0 17 5 17 0 14 14 14 14 17 0 0 0 24 24 24 24 5 14 5 20 20 0 5 24 0 5 0 0 24 5 14 14 17 5 20 17 0 20 20 14 20 0 0 5 17 5 

File : Instances/p41
Used 7s
6640

1 0 0 0 0 1 1 1 1 1 
5 6 5 6 7 9 7 7 8 8 5 7 7 6 7 7 7 8 0 6 6 6 0 6 6 5 5 0 5 5 8 0 0 0 7 9 9 6 6 9 9 7 7 7 7 5 0 5 6 6 6 6 6 6 7 7 7 8 8 8 0 0 6 5 0 6 6 6 5 5 0 0 5 0 7 7 7 7 6 5 7 9 7 7 9 9 9 9 9 9 

File : Instances/p42
Used 14s
5750

0 0 0 0 0 0 0 0 0 0 0 1 0 0 1 0 1 0 0 1 
16 19 11 11 19 19 16 11 16 16 11 19 19 19 19 19 16 16 14 14 14 11 11 11 16 11 11 16 16 11 16 19 19 11 14 19 19 19 16 16 16 11 11 16 11 14 19 19 19 19 16 16 16 11 16 11 16 14 14 14 11 11 11 11 11 11 16 19 19 19 19 16 19 19 19 19 19 19 19 19 

File : Instances/p43
Used 20s
5369

0 0 0 0 0 0 1 0 0 0 0 0 0 1 0 0 0 0 0 1 0 0 0 0 0 0 0 0 0 1 
6 19 6 29 13 19 13 19 29 29 29 13 13 19 6 6 19 6 19 19 13 13 19 19 19 13 29 6 29 29 29 13 13 13 19 19 13 19 19 6 6 6 29 29 29 13 13 19 19 6 19 19 19 6 6 6 19 19 13 29 29 29 29 29 29 29 29 29 29 29 

File : Instances/p44
Used 7s
7462

1 1 1 1 1 0 1 0 0 1 
4 4 4 4 4 4 4 4 6 0 6 0 0 0 0 0 1 1 1 6 1 1 6 2 2 2 2 2 2 2 2 3 3 3 3 3 3 3 3 3 4 0 1 1 2 2 6 0 3 9 6 6 4 9 9 2 6 3 9 3 4 4 9 3 0 6 6 2 6 0 4 9 9 0 1 2 6 6 4 2 9 9 9 9 9 3 6 0 6 4 

File : Instances/p45
Used 13s
6396

1 0 0 1 1 1 0 0 0 0 0 0 0 0 0 1 0 1 0 0 
0 0 0 0 0 0 0 15 15 15 15 15 15 15 15 3 3 3 3 3 3 4 4 4 4 4 4 4 4 5 5 5 5 5 5 5 5 5 0 0 3 3 4 3 15 17 15 3 15 5 17 17 17 17 17 0 5 15 3 3 3 3 15 17 15 3 17 17 3 3 15 4 17 17 17 17 17 17 3 3 

File : Instances/p46
Used 20s
6083

0 1 0 1 0 0 1 0 1 0 1 0 0 0 0 0 0 0 0 0 0 0 0 0 0 0 1 0 0 1 
10 10 10 10 10 10 10 1 29 29 1 1 1 1 1 3 3 3 3 3 3 6 6 6 6 6 6 8 8 8 29 8 8 8 10 3 3 6 3 29 29 3 3 29 6 26 26 26 29 29 29 26 26 1 3 26 26 26 3 26 3 1 29 26 26 26 26 26 3 26 

File : Instances/p47
Used 9s
6836

1 1 1 0 1 0 0 1 1 1 
0 0 0 0 0 0 0 0 2 1 1 2 1 1 1 2 1 2 2 2 2 2 2 2 2 2 2 4 2 2 4 2 2 2 2 4 4 4 4 4 4 4 4 4 4 4 4 4 4 4 4 4 4 4 4 4 4 4 4 4 4 4 7 7 4 7 7 0 7 7 7 7 7 7 8 7 8 8 8 8 8 0 9 2 9 9 9 0 9 9 

File : Instances/p48
Used 14s
5910

1 0 0 1 0 1 1 0 1 0 0 0 0 1 1 0 0 1 0 0 
0 0 0 0 0 0 0 0 0 3 3 3 3 3 3 5 5 5 5 5 5 5 5 5 6 6 6 6 6 6 6 8 8 8 8 8 5 8 8 8 5 5 13 13 8 6 8 13 13 13 13 13 13 8 13 14 14 13 14 13 0 14 14 14 14 17 17 17 17 17 17 17 17 17 17 17 17 17 0 0 

File : Instances/p49
Used 19s
5584

0 0 1 0 0 0 0 1 0 0 0 0 0 1 0 0 0 0 1 0 0 0 0 1 0 1 0 0 0 0 
2 2 2 2 2 2 2 2 2 2 2 2 2 7 7 7 7 7 7 7 7 7 7 7 7 7 7 13 13 13 13 13 13 13 13 13 18 18 18 13 13 13 18 18 18 18 18 18 23 18 23 18 2 23 23 23 23 25 25 25 25 25 25 25 25 25 25 2 25 2 

File : Instances/p50
Used 8s
8861

1 0 1 1 0 1 1 0 0 1 
3 6 3 0 2 9 5 5 3 5 5 6 6 9 9 2 9 2 5 3 6 6 0 0 0 0 3 6 3 3 5 3 3 3 3 5 9 9 0 6 0 9 9 9 2 5 5 5 5 3 3 2 6 0 0 0 9 6 2 2 2 5 5 5 3 3 0 3 3 3 3 6 6 0 0 3 3 3 3 3 3 5 2 2 2 2 6 5 2 5 9 9 2 2 2 2 9 9 2 2 

File : Instances/p51
Used 17s
7471

0 0 0 0 0 1 0 0 0 0 1 0 0 1 0 1 0 0 1 1 
15 10 19 10 13 13 5 5 15 15 5 19 18 13 13 13 13 5 5 15 10 10 10 19 10 10 15 19 19 15 15 15 19 19 15 5 13 13 10 10 10 13 13 13 5 5 5 5 5 19 15 5 10 10 10 10 13 10 18 13 13 5 5 5 15 15 10 19 15 15 15 10 10 10 10 19 19 19 19 19 19 5 13 13 18 13 18 5 18 5 13 13 18 18 18 18 13 18 13 13 

File : Instances/p52
Used 7s
9253

0 0 0 1 1 1 1 1 1 1 
7 7 7 7 7 7 7 7 3 4 4 4 4 4 4 4 4 8 3 8 8 3 3 8 8 9 9 9 9 9 9 9 5 5 6 6 6 6 6 6 6 6 6 6 7 7 4 8 8 5 5 3 4 6 7 5 3 3 3 4 6 9 5 8 3 3 5 7 4 7 6 6 4 3 3 5 3 4 7 5 6 4 3 5 5 3 3 7 5 3 5 5 9 6 5 6 3 4 3 7 

File : Instances/p53
Used 18s
8589

0 0 0 1 0 1 0 1 0 1 0 0 1 0 0 1 0 0 1 0 
5 5 5 5 5 5 5 5 7 7 7 7 7 7 7 7 7 12 3 12 12 3 12 12 3 15 9 9 9 9 9 9 9 15 18 18 18 18 18 18 18 18 18 18 5 5 7 12 12 15 15 3 7 18 5 15 3 3 3 7 18 9 15 3 3 3 9 18 7 5 18 18 7 3 3 15 3 7 7 15 18 7 3 15 15 3 3 5 15 3 15 9 9 15 15 18 3 7 3 5 

File : Instances/p54
Used 19s
8834

1 0 1 1 1 0 1 0 1 1 
9 2 2 2 9 2 2 2 2 2 2 2 2 2 2 2 2 2 2 3 3 3 2 3 3 2 3 3 3 3 3 3 3 3 3 3 3 3 3 6 6 8 8 8 8 8 8 8 8 3 6 3 6 6 6 6 6 6 6 6 6 0 4 6 6 6 6 6 6 0 0 0 0 4 2 0 0 0 0 0 0 4 4 4 4 4 4 4 4 4 4 9 4 9 4 9 9 4 9 9 

File : Instances/p55
Used 21s
7663

0 0 1 0 0 0 1 1 0 0 0 0 0 1 0 0 0 0 1 0 
18 18 18 18 18 18 18 2 2 2 2 2 2 2 2 2 2 2 2 6 2 2 2 6 2 2 6 2 6 6 6 6 6 6 6 6 6 6 6 7 7 7 7 7 7 6 7 7 6 7 7 6 7 7 7 7 7 7 7 7 7 13 18 7 13 7 7 7 7 13 13 7 13 7 18 13 13 13 13 13 13 13 13 18 18 13 13 18 18 13 18 18 18 18 18 18 18 18 18 18 

File : Instances/p56
Used 67s
22384

1 0 0 1 0 1 1 0 0 1 0 0 1 0 0 0 1 0 1 0 1 1 1 1 1 1 1 0 1 1 
18 6 21 22 21 12 21 28 22 28 29 28 23 3 28 18 3 20 22 24 18 16 5 24 23 18 24 6 29 5 6 26 26 16 18 6 20 9 24 16 18 9 6 26 9 26 3 21 6 20 24 16 16 16 20 6 18 9 18 25 29 0 18 20 3 25 5 26 6 12 18 12 6 9 23 23 20 5 9 16 23 0 9 25 29 20 6 5 24 25 28 6 25 25 0 3 28 6 0 28 28 16 25 18 29 0 29 24 22 3 26 29 18 12 12 20 28 25 0 9 26 25 28 26 26 16 21 12 26 0 28 24 25 20 23 9 3 3 28 20 12 22 12 25 25 5 24 16 22 25 24 0 23 0 20 28 5 16 3 3 3 0 23 24 5 24 5 29 3 21 5 20 28 23 26 21 0 20 29 20 5 21 21 6 12 9 28 23 0 21 21 21 6 29 25 12 25 21 23 6 

File : Instances/p57
Used 68s
27321

1 0 1 1 1 1 1 1 1 0 1 0 0 0 0 1 1 1 0 1 1 0 0 0 0 1 0 1 1 0 
7 19 2 27 2 6 15 27 27 28 4 28 10 3 28 7 3 20 16 0 27 16 5 0 10 27 27 17 4 2 19 19 4 16 27 6 20 8 16 15 7 8 6 4 8 19 3 16 19 20 0 16 2 16 8 6 7 8 27 7 4 0 7 8 3 25 5 17 19 25 7 6 19 8 5 10 20 5 8 16 10 0 8 25 4 10 6 5 27 7 28 6 25 25 0 3 28 6 0 28 28 15 25 7 4 0 4 16 16 3 19 4 27 6 6 8 28 7 17 8 20 25 17 19 4 16 2 28 19 17 28 16 25 20 5 8 3 3 28 10 25 27 28 25 25 5 16 15 27 25 0 17 5 0 8 28 2 15 3 3 3 0 10 2 5 27 5 4 3 15 5 20 19 20 4 2 0 10 4 10 5 15 2 19 25 8 28 10 0 2 2 16 6 6 7 6 7 15 10 19 

File : Instances/p58
Used 69s
38651

0 0 0 1 0 1 1 0 0 1 0 1 0 0 0 0 0 1 1 1 1 1 0 1 1 1 0 1 1 1 
18 19 21 27 5 6 21 28 18 28 29 28 3 3 28 18 3 20 27 27 18 21 5 24 23 18 27 19 29 5 19 19 29 21 27 6 20 9 24 21 18 9 6 29 9 19 3 21 19 20 24 24 24 24 9 6 11 9 18 25 29 17 18 20 3 11 23 17 28 25 18 6 19 9 5 23 20 23 9 24 23 17 9 25 29 20 6 5 27 25 28 6 25 25 5 3 11 6 17 28 28 21 25 18 29 17 29 24 18 3 19 29 27 6 11 9 28 25 17 9 9 11 17 19 29 21 5 11 19 17 28 24 25 20 23 9 3 3 28 23 11 27 11 11 25 5 24 21 27 25 27 17 23 17 3 11 5 21 3 3 3 27 23 24 5 27 5 29 3 21 23 20 19 20 6 5 17 20 29 20 5 21 24 19 11 9 28 23 17 21 21 21 6 29 25 6 25 21 20 19 

File : Instances/p59
Used 69s
28015

0 0 1 0 1 0 1 0 0 0 1 0 1 1 0 1 1 1 1 1 1 0 0 1 1 1 0 0 1 0 
18 19 2 24 15 12 15 28 18 28 4 28 23 13 28 18 13 10 16 17 18 16 2 24 10 18 24 19 4 2 6 19 4 16 18 6 20 20 24 16 18 20 6 4 13 19 13 2 19 20 24 16 2 16 20 6 25 20 18 25 4 17 25 20 13 12 23 17 6 12 18 12 6 20 23 23 10 23 20 16 10 17 19 25 4 13 6 2 24 25 28 6 25 25 17 13 28 6 17 28 28 15 12 18 4 24 4 24 16 13 19 4 18 12 12 20 28 25 17 20 19 25 17 19 4 16 2 6 19 17 28 16 12 10 23 20 13 13 28 10 12 16 6 25 25 2 16 15 18 25 24 17 23 17 13 28 2 15 13 13 13 24 10 24 23 28 23 4 13 15 23 20 19 10 4 2 24 10 4 10 2 15 2 19 12 20 28 23 17 16 2 16 6 6 25 12 25 15 10 19 

File : Instances/p60
Used 67s
23122

1 0 0 0 1 1 0 1 1 0 0 0 1 0 1 1 0 0 0 0 0 1 1 1 0 0 0 0 1 0 
22 28 21 22 21 12 15 28 22 28 4 28 23 23 28 7 23 14 22 0 7 21 5 0 23 7 22 14 4 21 4 4 4 21 28 12 8 8 21 15 7 8 12 4 8 14 8 21 14 14 0 22 21 21 8 12 7 8 22 7 4 0 7 8 8 12 5 14 28 12 7 12 4 8 23 23 8 23 8 22 23 0 8 7 4 23 4 5 22 7 28 4 7 7 0 8 28 12 0 28 28 15 12 7 4 0 4 21 22 8 14 4 22 12 12 8 28 7 14 8 14 7 28 4 4 21 21 12 14 0 28 21 7 14 23 8 23 8 28 14 12 22 12 12 7 5 21 15 22 7 0 0 23 0 8 28 5 15 8 23 23 0 23 0 5 28 5 4 23 21 5 8 28 14 4 0 0 14 4 14 5 21 21 28 12 8 28 23 0 21 21 21 12 4 7 12 7 15 23 14 

File : Instances/p61
Used 66s
25995

0 0 1 1 1 0 1 1 1 0 0 1 0 0 1 0 0 0 0 0 0 1 0 1 1 0 0 0 1 0 
7 6 21 24 2 6 21 28 24 28 4 28 23 3 28 7 3 8 21 24 11 21 2 24 23 11 24 14 4 2 6 4 4 21 28 6 8 8 24 21 7 8 6 4 8 4 3 21 14 14 24 21 2 21 8 6 11 8 7 7 4 2 7 8 3 11 23 14 28 11 7 6 6 8 23 23 8 23 8 24 23 2 8 7 4 23 6 2 24 7 28 6 7 11 2 3 11 6 2 28 28 21 11 7 4 24 4 24 21 3 14 4 24 6 11 8 28 7 14 8 14 11 28 6 4 21 2 11 4 28 28 24 11 8 23 8 3 3 28 14 11 24 11 11 11 2 24 21 24 7 24 28 23 28 8 11 2 21 3 3 3 24 23 2 23 28 23 4 3 21 23 8 28 14 4 2 24 14 4 14 2 21 2 6 11 8 28 23 28 21 2 21 6 4 7 6 7 21 23 6 

File : Instances/p62
Used 67s
34816

0 0 1 0 0 1 1 1 1 0 1 0 0 0 0 0 0 0 0 1 0 0 0 0 1 0 1 1 1 0 
27 19 2 27 2 6 2 27 27 28 26 28 10 5 28 7 5 10 27 27 27 24 5 24 10 27 27 19 26 2 19 19 26 24 27 6 8 8 24 2 7 8 6 26 8 19 8 2 19 10 24 24 24 24 8 6 7 8 27 7 26 5 7 8 8 6 5 19 28 6 7 6 19 8 5 10 10 5 8 24 10 5 26 7 26 10 6 5 27 7 28 6 7 7 2 8 28 6 2 28 28 2 7 7 26 24 26 24 27 8 19 26 27 6 6 8 28 7 28 8 26 7 28 19 26 24 2 28 26 28 28 24 7 10 5 26 8 8 28 10 6 27 28 7 7 5 24 2 27 7 24 28 10 24 8 28 2 2 8 8 10 27 10 24 5 27 5 26 8 2 5 8 19 10 26 2 24 10 26 10 5 2 2 19 6 8 28 10 27 24 2 2 6 6 7 6 7 2 10 19 

File : Instances/p63
Used 68s
25279

0 0 1 0 1 0 1 0 0 0 0 0 0 1 0 0 0 1 1 0 1 0 0 1 1 1 0 0 1 0 
18 6 2 24 2 6 2 28 18 28 4 28 13 13 28 18 13 20 24 24 18 24 23 24 23 18 24 28 4 2 6 4 4 24 28 6 20 20 24 2 18 20 6 4 20 4 13 2 6 17 24 24 24 24 20 6 25 20 18 25 4 17 18 20 13 25 23 17 28 25 18 6 6 20 23 23 20 23 20 24 23 17 20 25 4 13 6 23 24 25 28 6 25 25 2 13 28 6 17 28 28 2 25 18 4 17 4 24 18 13 6 4 18 6 6 20 28 25 17 13 20 25 17 4 4 24 2 28 4 17 28 24 25 20 23 20 13 13 28 20 6 18 28 25 25 2 24 2 18 25 24 17 23 17 13 28 2 2 13 13 13 28 23 24 23 18 23 4 13 2 23 20 28 17 4 2 17 20 4 20 2 2 2 6 25 20 28 23 17 24 2 2 6 4 25 6 25 2 23 6 

File : Instances/p64
Used 66s
23637

0 0 0 0 1 0 1 1 1 0 0 0 1 0 1 0 1 0 0 0 0 1 0 1 0 0 0 1 0 0 
7 6 21 27 21 12 21 27 27 27 4 14 23 23 6 7 23 8 16 27 27 16 23 21 23 27 27 14 4 21 6 4 4 16 27 6 8 8 16 16 7 8 6 4 8 4 8 21 6 14 27 16 21 16 8 6 7 8 27 7 4 21 7 8 8 12 23 14 6 12 7 12 6 8 23 23 8 23 8 16 23 14 8 7 4 23 6 21 27 7 27 6 7 7 23 8 27 6 23 6 14 21 12 7 4 27 4 16 16 8 14 4 27 12 12 8 27 7 14 8 14 12 14 6 4 16 21 12 4 14 27 21 12 14 23 8 23 8 27 14 12 27 12 12 7 23 16 21 27 7 27 14 23 27 8 12 21 16 8 8 23 27 23 21 23 27 23 4 23 21 23 8 14 14 4 21 27 14 4 14 23 21 21 6 12 8 12 23 27 21 21 21 6 4 7 12 7 21 14 6 

File : Instances/p65
Used 134s
25958

1 0 1 0 1 0 0 0 0 0 0 0 1 1 0 0 0 0 1 0 1 1 0 1 0 0 0 0 1 0 
18 28 21 18 2 12 21 28 18 28 4 28 13 13 28 18 13 20 18 0 18 21 23 0 23 18 18 28 4 2 4 4 4 21 28 12 20 20 21 21 18 20 12 4 20 4 13 21 28 20 0 21 2 21 20 12 18 20 18 18 4 0 18 20 13 12 23 28 28 12 18 12 4 20 23 23 20 23 20 21 23 0 20 12 4 13 4 2 18 18 28 4 18 12 2 13 28 12 0 28 28 21 12 18 4 0 4 21 18 13 4 4 18 12 12 20 28 18 0 20 20 12 28 4 4 21 2 12 4 0 28 21 12 20 23 20 13 13 28 20 12 18 12 12 12 2 21 21 18 12 0 0 23 0 20 28 2 21 13 13 13 0 23 2 23 28 23 4 13 21 23 20 28 20 4 2 0 20 4 20 2 21 2 28 12 20 28 23 0 21 2 21 12 4 18 12 18 21 23 28 

File : Instances/p66
Used 68s
33124

0 0 1 0 1 0 0 0 0 0 0 1 1 1 0 0 0 0 0 0 1 1 0 0 0 0 0 1 0 0 
27 12 21 27 2 12 21 27 27 27 4 11 13 13 11 11 13 20 27 27 27 21 2 2 13 27 27 12 4 2 4 4 4 21 27 12 20 20 21 21 11 20 12 4 20 4 13 21 4 20 27 21 21 21 20 12 11 20 27 11 4 2 11 20 13 11 2 20 12 12 27 12 4 20 13 13 20 2 20 21 13 2 20 12 4 13 4 2 27 11 11 12 11 11 2 13 11 12 2 11 11 21 12 11 4 2 4 27 27 13 4 4 27 12 12 20 11 11 20 20 20 11 11 4 4 21 2 11 4 2 11 21 12 20 13 20 13 13 11 20 12 27 12 11 11 2 21 21 27 12 27 2 13 2 13 11 2 21 13 13 13 27 13 2 2 27 2 4 13 21 13 20 12 20 4 2 27 20 4 20 2 21 21 12 12 20 11 13 27 21 2 21 12 4 11 12 11 21 13 4 

File : Instances/p67
Used 68s
27487

0 0 0 0 1 1 1 0 1 0 1 0 0 1 0 0 0 0 1 0 0 1 1 0 0 1 0 0 1 0 
18 6 21 22 5 6 21 18 22 28 4 28 13 13 28 18 13 10 22 28 18 21 5 21 10 18 22 8 4 5 6 6 4 21 18 6 8 8 22 21 18 8 6 4 8 4 13 21 28 10 21 22 21 21 8 6 18 8 18 25 4 5 18 8 13 25 5 10 28 25 18 25 6 8 10 13 13 10 8 22 10 10 8 25 4 13 6 5 22 25 28 6 25 25 5 13 28 6 5 28 28 21 25 18 4 5 4 22 22 13 6 4 18 6 6 8 28 25 28 8 8 25 28 4 4 21 5 25 4 28 28 21 25 10 13 8 13 13 28 10 6 22 28 25 25 5 22 21 22 25 22 10 10 28 8 28 5 21 13 13 13 28 13 22 5 18 5 4 13 21 5 8 28 10 4 5 22 10 4 10 5 21 21 6 6 8 28 10 28 21 5 21 6 4 25 6 25 21 10 6 

File : Instances/p68
Used 68s
22317

1 0 0 1 1 0 0 1 1 0 0 0 1 0 0 0 0 0 0 1 0 1 0 1 1 0 0 1 0 0 
7 19 21 27 21 12 21 27 27 27 4 19 8 3 19 7 3 8 27 0 27 21 21 24 23 27 27 0 4 21 19 19 4 21 27 12 8 8 24 21 7 8 12 4 8 19 3 21 19 19 24 24 24 21 8 12 7 8 27 7 4 0 7 8 3 12 0 19 19 12 7 12 19 8 23 23 8 0 8 24 23 0 8 7 4 23 19 0 27 7 27 19 7 7 0 3 27 12 0 19 0 21 12 7 4 0 4 24 27 3 19 4 27 12 12 8 27 7 0 8 8 7 0 19 4 21 21 12 19 0 27 24 12 8 23 8 3 3 0 23 12 27 12 12 7 23 24 21 27 7 24 0 23 0 8 27 21 21 3 3 3 27 23 24 23 27 23 4 3 21 3 8 19 8 4 21 0 8 4 8 21 21 21 19 12 8 12 23 0 21 21 21 19 4 7 12 7 21 23 19 

File : Instances/p69
Used 68s
25258

0 0 0 0 1 1 0 1 0 0 0 0 1 1 0 0 0 1 0 1 1 1 0 0 1 0 0 1 1 0 
7 19 21 27 21 12 21 27 27 28 4 28 13 13 28 7 13 20 27 27 27 21 5 24 5 27 27 19 4 21 19 19 4 21 27 12 20 20 24 21 7 20 12 4 20 19 13 21 19 17 24 24 24 21 20 12 7 20 27 7 4 17 7 20 13 12 5 17 28 12 7 12 19 20 5 5 20 5 20 24 13 17 20 7 4 13 19 5 27 7 28 19 7 7 5 13 28 12 17 28 28 21 12 7 4 24 4 24 27 13 19 4 27 12 12 20 28 7 17 20 19 12 17 19 4 21 21 12 19 17 28 24 12 20 5 20 13 13 28 17 12 27 12 12 7 5 24 21 27 7 24 17 5 17 20 28 5 21 13 13 13 27 13 24 5 27 5 4 13 21 5 20 19 17 4 21 24 20 4 20 5 21 21 19 12 20 28 5 17 21 21 21 19 4 7 12 7 21 13 19 

File : Instances/p70
Used 68s
33102

1 0 0 0 1 1 0 0 1 0 0 1 1 1 0 0 0 0 0 1 0 1 0 0 0 0 0 1 0 0 
27 19 21 27 21 12 21 27 27 27 4 19 13 13 19 11 13 8 27 0 27 21 5 0 5 27 27 19 4 21 19 19 4 21 27 12 8 8 27 21 11 8 12 4 8 19 13 21 19 8 0 21 21 21 8 12 11 8 27 11 4 0 11 8 13 11 5 19 19 12 27 12 19 8 5 5 8 5 8 21 13 0 8 12 4 13 19 5 27 11 11 19 11 11 0 13 11 12 0 11 0 21 12 11 4 0 4 27 27 13 19 4 27 12 12 8 11 11 0 8 8 11 0 19 4 21 21 11 19 0 11 21 11 8 5 8 13 13 11 0 12 27 11 11 11 5 21 21 27 12 0 0 5 0 8 11 5 21 13 13 13 27 13 0 5 27 5 4 13 21 5 8 19 8 4 0 0 8 4 13 5 21 21 19 12 8 11 13 0 21 21 21 19 4 11 12 11 21 8 19 

File : Instances/p71
Used 71s
26433

0 0 0 0 1 0 1 0 0 0 1 0 0 1 0 0 0 1 1 1 1 1 0 0 1 1 0 0 1 0 
18 19 21 24 21 6 21 28 18 28 4 28 13 13 28 18 13 20 24 24 18 21 10 24 10 18 24 19 4 21 19 19 4 21 28 6 20 20 24 21 18 20 6 4 20 19 13 21 19 20 24 24 21 21 20 6 25 20 18 25 4 17 18 20 13 25 10 17 19 25 18 6 19 20 10 10 20 10 20 24 10 17 20 25 4 13 19 10 24 25 28 6 25 25 17 13 28 6 17 28 28 21 25 18 4 24 4 24 18 13 19 4 18 6 6 20 28 25 17 20 19 25 17 19 4 24 21 28 19 17 28 24 25 20 13 20 13 13 28 10 6 18 28 25 25 10 24 21 18 25 24 17 10 17 20 25 21 21 13 13 13 17 10 21 10 17 13 4 13 21 13 20 19 20 4 21 24 10 4 10 21 21 21 19 6 20 28 10 17 21 21 21 6 4 25 6 18 21 10 19 

