File : Instances/p1
Used 0s
14918

1 1 1 0 0 1 0 1 1 1 
8 8 1 1 1 8 2 2 2 1 2 2 8 2 2 2 2 0 9 9 0 2 9 9 0 9 0 5 0 5 9 5 0 0 9 9 0 5 5 9 5 1 5 5 7 5 7 5 7 5 

File : Instances/p2
Used 0.002991s
11406

1 1 1 1 0 1 0 1 1 1 
8 8 1 1 1 8 2 2 2 1 9 2 8 2 2 2 2 2 9 7 3 7 9 7 3 9 3 5 3 5 9 5 3 3 9 7 9 3 3 9 5 0 5 5 7 0 9 0 7 0 

File : Instances/p3
Used 0.003021s
14541

1 1 1 1 1 0 0 0 1 1 
8 8 1 1 1 8 2 2 2 1 2 2 8 2 2 2 2 0 9 9 0 2 9 9 0 9 0 9 0 1 9 9 0 0 9 0 4 3 3 4 3 3 3 3 4 3 4 3 4 4 

File : Instances/p4
Used 0.002989s
25049

0 1 0 1 1 1 1 1 1 0 
8 8 8 6 6 6 6 6 6 6 6 6 6 6 6 3 3 3 3 3 1 1 1 4 3 4 4 4 4 1 4 4 4 4 4 7 7 4 7 7 7 4 5 5 7 5 5 5 6 5 

File : Instances/p5
Used 0.003017s
15589

1 1 1 1 0 1 1 0 1 1 
8 8 1 1 1 8 8 9 8 1 9 8 1 9 0 0 9 0 9 9 1 0 6 6 1 6 0 6 0 6 6 5 0 5 5 5 5 5 3 3 3 3 3 3 8 3 2 2 2 2 

File : Instances/p6
Used 0.002991s
12768

1 1 1 1 1 0 1 1 1 0 
8 8 1 1 1 8 8 4 4 1 4 8 8 4 4 1 4 0 4 7 1 7 6 7 6 6 0 6 0 6 6 6 0 0 7 7 0 3 3 7 3 3 3 3 4 3 2 2 2 2 

File : Instances/p7
Used 0.003019s
18012

1 1 1 1 1 1 0 0 1 1 
8 8 1 1 1 8 8 8 8 1 9 1 8 9 1 3 9 3 9 9 3 3 3 4 1 4 4 5 4 5 4 5 8 5 4 5 5 4 0 9 0 0 0 0 0 0 2 0 2 2 

File : Instances/p8
Used 0.003002s
20676

1 1 1 1 1 1 0 1 1 0 
8 8 8 8 8 8 2 2 2 2 2 2 8 2 0 0 0 0 0 7 7 7 7 7 5 5 5 5 5 5 5 5 0 3 3 3 3 3 1 3 1 1 1 1 7 1 1 4 4 4 

File : Instances/p9
Used 0.00402s
13301

1 1 0 1 0 0 0 0 1 1 
8 8 1 1 1 8 8 9 8 1 9 8 8 8 8 1 9 0 9 9 1 8 9 9 1 1 1 1 0 0 9 9 0 0 0 0 0 0 3 9 3 0 3 3 0 3 3 3 3 3 

File : Instances/p10
Used 0.002992s
10659

1 1 0 0 1 1 0 1 1 0 
8 8 1 1 1 8 8 4 4 1 4 8 8 4 8 1 4 8 4 4 1 8 4 4 1 1 1 1 0 5 5 5 0 0 5 7 7 0 0 7 5 8 5 5 7 0 7 0 7 0 

File : Instances/p11
Used 0.002991s
15689

1 1 0 1 0 0 1 0 1 1 
8 8 1 1 1 8 8 8 8 1 9 8 8 8 8 1 9 1 9 9 1 9 9 9 1 1 9 9 0 0 0 6 0 0 6 6 0 0 0 6 0 8 0 6 0 0 6 3 3 3 

File : Instances/p12
Used 0.002992s
22682

1 0 0 0 1 1 0 1 1 0 
8 8 8 8 8 8 8 8 8 8 8 0 0 0 0 0 0 0 0 7 7 7 7 7 0 7 7 7 7 5 5 5 5 5 5 5 5 5 5 4 4 4 4 4 4 4 4 4 4 4 

File : Instances/p13
Used 0.004986s
14387

1 1 0 0 0 1 0 0 1 1 0 0 1 1 0 0 1 1 0 0 
0 12 0 0 12 12 12 12 12 17 0 17 17 0 13 17 13 0 17 9 13 13 13 13 9 17 16 17 17 9 16 16 1 16 1 9 1 1 1 16 9 16 5 5 8 5 5 8 5 8 

File : Instances/p14
Used 0.005983s
11730

1 0 0 0 1 1 1 0 0 0 0 1 1 1 0 0 1 1 0 0 
16 12 16 16 12 12 12 12 12 17 16 17 17 6 13 17 13 6 17 6 13 13 16 13 6 17 16 17 17 4 13 16 4 0 4 6 11 4 4 0 6 0 0 0 11 5 6 11 4 11 

File : Instances/p15
Used 0.005984s
15553

1 0 1 0 1 0 0 0 0 1 0 1 0 0 0 1 1 1 0 0 
16 16 16 16 16 16 17 16 17 17 16 17 17 17 17 17 15 15 4 9 15 15 15 4 9 4 15 4 4 4 4 9 2 0 9 9 11 2 2 2 11 0 0 0 11 15 11 11 2 11 

File : Instances/p16
Used 0.004986s
22122

0 0 1 0 0 1 0 0 0 1 0 1 0 1 0 1 1 1 0 1 
16 16 16 16 16 16 17 16 17 17 16 17 17 17 17 17 15 15 15 15 15 15 15 19 19 19 19 19 19 19 13 13 13 13 13 13 11 11 11 11 11 11 5 5 5 5 5 5 2 9 

File : Instances/p17
Used 0.004986s
15579

1 1 1 0 0 0 0 0 0 1 1 0 1 0 1 0 1 0 0 1 
0 12 0 0 12 12 12 12 12 12 0 12 1 0 1 1 0 1 1 9 1 1 1 2 9 2 16 2 2 9 2 16 2 16 9 9 9 14 14 14 14 16 16 16 14 2 14 10 19 10 

File : Instances/p18
Used 0.006014s
11281

0 0 0 0 1 0 1 1 0 0 0 1 1 1 1 0 1 1 0 0 
16 12 16 16 12 12 12 12 12 17 16 17 12 6 13 12 13 6 17 6 13 13 16 13 6 17 16 17 17 4 13 7 13 7 17 6 11 4 4 7 6 7 7 7 11 12 14 14 4 11 

File : Instances/p19
Used 0.004986s
18973

0 1 1 0 0 0 1 1 0 0 1 0 0 0 0 1 1 1 0 1 
16 16 16 16 16 16 17 16 17 17 15 17 17 15 15 17 15 15 17 17 15 15 7 7 7 7 7 7 1 1 1 1 1 1 1 10 10 10 19 19 10 10 19 10 19 19 19 6 2 6 

File : Instances/p20
Used 0.005984s
23806

0 0 0 0 1 1 0 0 0 1 0 1 0 1 0 0 1 1 0 1 
16 16 16 16 16 16 17 16 17 17 17 17 17 17 13 17 13 16 13 9 13 13 13 9 9 9 9 9 13 4 4 9 4 4 4 4 11 11 11 11 11 11 5 5 5 5 5 5 19 19 

File : Instances/p21
Used 0.005986s
13948

1 1 0 0 0 1 0 0 0 1 0 0 1 1 0 0 0 0 0 1 
0 12 0 0 12 12 12 12 12 12 0 12 12 12 13 13 0 0 13 9 13 13 0 13 9 13 0 1 1 1 13 1 1 1 1 9 1 13 19 19 9 5 5 5 9 5 5 9 19 9 

File : Instances/p22
Used 0.005975s
10693

1 0 0 0 0 0 0 0 0 1 0 0 1 1 1 0 1 1 0 1 
16 12 16 16 12 12 12 12 12 17 16 17 12 12 13 12 13 12 17 9 13 13 16 13 9 17 16 17 17 17 13 16 13 16 17 9 9 13 19 19 9 0 0 0 9 13 14 14 19 9 

File : Instances/p23
Used 0.005015s
18290

0 0 0 1 0 0 0 0 0 1 1 0 0 0 0 1 1 1 0 1 
16 16 16 16 16 16 17 16 17 17 16 17 17 16 17 17 15 15 17 17 15 15 15 17 15 15 15 3 3 3 3 3 3 3 3 10 10 10 19 19 10 10 10 10 19 19 19 19 19 9 

File : Instances/p24
Used 0s
23120

1 0 0 0 1 1 0 0 0 0 1 0 0 0 0 0 1 1 0 0 
16 16 16 16 16 16 17 16 17 17 16 17 17 16 17 17 17 17 4 17 4 4 4 4 4 4 0 4 0 0 0 0 0 0 0 10 10 10 10 10 10 10 5 5 5 5 5 5 5 5 

File : Instances/p25
Used 0.01312s
22348

1 0 1 0 0 1 1 1 0 0 0 1 0 0 1 0 0 1 0 0 1 1 0 0 0 0 0 0 0 0 
6 5 6 2 6 5 2 5 2 17 5 2 2 17 17 2 17 17 5 17 2 17 5 17 5 2 2 5 5 5 5 5 6 5 20 20 5 5 17 2 5 20 5 20 5 2 20 20 7 20 7 7 7 7 20 20 7 7 7 20 0 0 20 0 0 0 0 0 0 0 20 6 0 0 0 20 0 20 7 0 20 7 20 0 7 0 0 7 20 0 0 0 7 0 0 7 20 20 21 20 20 20 14 14 14 14 14 14 14 14 14 14 14 11 11 21 11 11 11 11 11 20 11 20 20 11 11 11 11 21 11 11 11 21 20 14 11 11 20 11 11 14 14 14 14 11 11 11 14 11 

File : Instances/p26
Used 0.019947s
18171

1 0 0 0 0 1 0 1 1 0 0 1 0 1 1 0 0 1 0 0 1 0 0 0 1 0 0 0 0 0 
20 11 20 11 20 11 11 11 20 17 11 20 20 20 17 17 17 17 11 11 17 17 11 17 11 20 17 11 11 11 11 11 20 11 20 20 11 11 11 17 11 20 11 20 11 14 11 20 11 14 11 14 14 5 20 20 14 5 5 14 0 5 20 0 0 0 5 0 5 5 20 20 5 0 5 20 5 20 14 5 20 0 20 0 0 0 0 0 20 5 14 5 0 0 0 5 14 14 5 20 20 0 14 0 14 5 0 0 14 14 14 14 0 0 0 0 5 5 5 24 5 20 24 20 20 14 24 24 14 24 14 24 24 24 14 14 14 24 13 7 7 13 13 7 8 7 7 24 7 24 

File : Instances/p27
Used 0.016939s
20208

1 0 0 0 0 1 0 0 0 0 0 1 0 1 1 1 0 1 0 0 1 0 0 0 0 1 0 0 0 0 
20 11 20 11 20 11 11 11 20 11 11 20 20 20 11 20 11 11 11 11 11 11 11 11 11 20 11 11 11 11 11 11 20 11 20 20 11 15 20 20 11 20 15 20 15 14 14 20 14 14 15 14 14 5 20 20 14 5 5 14 0 5 20 0 0 0 5 0 5 5 20 20 5 0 5 20 15 20 14 5 20 0 20 0 0 0 0 0 20 5 14 5 0 0 0 5 14 14 5 14 14 0 14 0 14 5 0 0 14 14 14 14 0 0 0 0 5 15 5 5 5 14 14 13 13 15 25 15 25 25 17 25 25 25 13 17 17 25 13 17 17 13 13 17 17 25 25 25 17 25 

File : Instances/p28
Used 0.019919s
37014

1 0 1 0 0 1 0 1 0 0 0 1 1 0 1 1 0 1 0 0 1 0 0 0 0 0 0 1 0 0 
20 11 20 11 20 11 11 11 20 11 11 20 20 20 11 20 11 11 11 11 11 11 11 11 11 20 11 11 11 11 11 11 20 11 20 20 11 15 20 20 11 20 15 20 15 20 20 20 27 20 27 20 20 27 20 20 20 27 27 20 0 0 20 27 0 0 27 0 27 27 0 0 0 0 15 0 15 20 0 27 0 0 0 0 0 0 0 0 0 27 27 15 0 27 27 27 27 27 27 15 27 17 17 17 17 17 17 17 17 17 17 17 2 2 2 2 2 15 2 2 2 2 2 2 15 15 15 15 15 12 7 7 7 12 7 7 7 7 7 7 7 7 7 14 14 7 14 5 14 5 

File : Instances/p29
Used 0.013106s
26112

1 0 1 0 0 1 1 0 0 0 0 1 0 0 1 1 0 1 0 1 1 0 0 0 1 1 0 0 0 0 
6 5 6 2 6 5 2 5 2 17 5 2 2 17 17 2 17 17 5 17 2 17 5 17 5 2 2 5 5 5 5 5 6 5 20 20 5 17 17 2 17 20 15 20 15 17 17 20 17 20 5 2 2 11 20 20 2 11 11 20 11 11 20 11 11 11 11 11 11 11 20 6 11 11 15 20 15 20 2 11 6 2 6 0 0 0 0 0 20 11 0 15 0 0 0 0 0 0 0 6 6 0 0 0 19 19 19 19 19 19 14 14 14 14 25 25 25 15 25 25 25 14 25 14 14 25 25 15 25 25 14 25 25 25 14 14 19 25 14 14 14 14 14 19 19 19 14 24 19 24 

File : Instances/p30
Used 0.018908s
22143

1 0 1 0 0 1 0 1 1 0 0 1 0 1 1 0 0 1 0 0 1 0 0 0 1 1 0 0 0 0 
20 11 20 11 20 11 11 11 20 17 11 20 20 20 17 17 17 17 11 11 17 17 11 17 11 20 17 11 11 11 17 17 20 17 20 20 24 24 17 17 17 20 24 20 24 14 14 20 24 14 24 14 14 5 20 14 14 5 5 14 0 5 14 0 0 0 24 0 5 24 14 14 5 0 24 14 24 14 0 24 13 0 13 0 0 0 0 0 14 5 0 24 0 5 5 5 2 2 5 13 13 2 2 5 2 5 2 5 2 2 2 2 2 5 5 5 24 24 5 25 25 13 25 13 13 25 25 25 25 25 2 25 25 25 13 2 2 25 13 2 25 13 13 25 8 25 24 7 7 7 

File : Instances/p31
Used 0.009152s
29909

1 0 1 0 0 1 1 1 1 1 0 1 0 0 1 0 0 1 0 0 1 0 0 0 1 0 0 0 0 0 
20 11 20 11 20 11 11 11 20 11 11 20 20 20 11 20 11 11 11 11 20 11 20 20 20 20 20 24 24 24 24 24 20 24 8 8 24 24 24 8 0 8 24 8 24 0 0 20 0 8 0 8 0 0 8 8 0 0 0 8 0 24 8 0 0 0 24 0 24 0 8 6 24 17 17 17 0 8 17 17 6 17 6 17 17 17 17 17 8 17 17 9 17 9 7 9 7 7 7 6 6 7 7 7 7 7 7 7 7 7 7 7 2 2 2 9 9 9 9 9 5 2 5 2 6 7 5 9 2 5 5 5 5 5 2 2 2 5 2 2 5 2 2 2 14 5 5 5 14 5 

File : Instances/p32
Used 0.016131s
34925

1 0 1 0 0 0 1 1 1 1 0 1 0 0 1 0 0 1 0 0 1 0 0 0 1 0 0 0 0 0 
20 11 20 11 20 11 11 11 20 11 11 20 20 20 11 20 11 11 11 11 20 11 20 20 20 20 20 24 24 24 24 24 20 24 8 8 24 24 24 8 0 8 24 8 24 0 0 20 0 8 0 8 0 0 8 8 0 0 0 8 0 24 8 0 0 0 24 0 24 0 8 6 24 17 17 17 0 8 17 17 6 17 6 17 17 17 17 17 8 17 17 9 17 9 9 9 2 2 2 6 2 2 2 2 2 2 2 2 2 2 2 2 14 2 14 9 9 9 9 9 14 14 14 14 14 14 9 9 14 9 14 14 9 9 14 14 14 14 14 7 7 7 6 7 7 7 7 7 7 7 

File : Instances/p33
Used 0.019945s
20875

1 0 1 0 0 1 1 1 0 0 0 1 0 0 0 0 0 1 0 0 1 0 0 0 1 0 0 0 0 0 
6 5 6 2 6 5 2 5 2 17 5 2 2 17 17 2 17 17 5 17 2 17 5 17 5 2 2 5 5 5 5 5 6 5 20 20 5 5 17 2 17 20 5 20 5 17 17 20 17 20 5 2 17 5 20 20 17 17 17 17 17 5 20 17 11 11 11 11 11 11 20 6 11 11 11 20 11 20 2 11 20 11 20 11 2 11 2 11 20 11 2 11 2 11 2 11 2 2 11 20 20 7 7 17 7 7 7 7 2 20 7 7 7 7 7 7 24 24 24 24 7 6 7 20 6 7 24 24 7 7 0 0 24 24 6 0 7 24 0 0 0 0 0 0 0 0 0 0 0 24 

File : Instances/p34
Used 0.019945s
19025

1 0 0 0 0 1 0 1 1 0 0 1 0 0 1 0 0 1 0 0 1 0 0 0 1 0 0 0 0 0 
20 11 20 11 20 11 11 11 20 17 11 20 20 20 17 17 17 17 11 11 17 17 11 17 11 20 17 11 11 11 11 11 20 11 20 20 11 11 17 17 17 20 17 20 24 17 17 20 17 20 24 17 17 17 20 20 17 24 24 20 0 24 20 0 0 0 24 0 24 24 0 20 0 0 24 0 24 8 8 24 8 0 8 0 0 0 0 0 8 24 0 24 0 0 0 24 8 8 24 8 8 7 7 0 7 7 7 7 8 8 14 14 14 7 7 7 24 24 24 24 5 8 5 8 8 7 5 24 7 5 7 7 5 5 8 14 7 5 8 7 7 8 8 14 8 5 5 5 14 5 

File : Instances/p35
Used 0.020975s
25803

1 0 0 0 0 1 0 0 0 0 0 1 0 1 1 0 0 1 0 0 1 1 0 0 1 0 0 0 0 0 
20 11 20 11 20 11 11 11 20 11 11 20 20 20 11 20 11 11 11 11 11 11 11 11 11 20 11 24 24 24 24 24 20 24 20 20 24 24 24 20 11 20 24 20 24 14 14 20 24 14 24 14 14 24 20 20 14 24 14 14 0 24 20 0 0 0 24 0 24 24 14 14 0 0 24 14 24 14 14 0 14 0 14 0 0 0 0 0 14 0 14 0 0 0 0 0 14 14 21 21 0 17 17 17 17 17 17 17 17 17 17 17 17 17 17 21 17 17 17 17 17 17 17 13 13 21 5 5 5 21 5 5 5 5 13 13 5 5 13 5 5 13 13 5 13 5 5 5 5 5 

File : Instances/p36
Used 0.018322s
33235

1 0 0 0 0 0 0 0 0 1 0 1 0 1 1 0 0 1 0 0 1 0 0 0 1 0 0 0 0 0 
20 11 20 11 20 11 11 11 20 11 11 20 20 20 11 20 11 11 11 11 11 11 11 11 11 20 11 24 24 24 24 24 20 24 20 20 24 24 24 20 11 20 24 20 24 20 24 20 24 20 24 20 20 24 24 13 17 17 17 17 17 24 17 17 17 17 24 17 24 24 13 13 17 17 17 13 17 13 17 17 13 17 13 17 17 17 17 13 13 13 13 9 9 9 9 9 13 13 9 13 13 9 14 14 14 9 14 14 14 14 14 14 14 14 14 9 9 9 9 9 14 13 14 13 13 14 9 9 14 9 0 0 9 9 14 14 0 0 13 0 0 14 14 0 0 0 0 0 0 0 

File : Instances/p37
Used 0.022911s
18508

0 0 1 0 0 1 1 0 0 0 0 1 0 0 0 0 0 1 0 0 1 0 0 0 0 0 0 0 0 0 
6 5 6 2 6 5 2 5 2 17 5 2 2 17 17 2 17 17 5 17 2 17 5 17 5 2 2 5 5 5 5 5 6 5 20 20 5 5 17 2 17 20 5 20 5 17 17 20 17 20 5 2 17 5 20 20 17 17 17 17 17 5 20 17 17 5 5 17 5 5 20 6 5 17 5 20 5 20 2 5 20 17 20 17 17 17 17 17 20 5 2 17 2 5 2 5 2 2 2 20 20 2 2 2 2 2 2 2 2 20 2 2 2 11 11 11 11 11 11 11 11 20 11 20 20 11 11 11 11 11 11 11 11 11 20 2 11 11 20 11 11 20 20 11 20 11 11 11 11 11 

File : Instances/p38
Used 0.020972s
19186

1 0 0 0 0 1 0 0 0 0 0 1 0 1 1 0 0 1 0 0 1 0 0 0 1 0 0 0 0 0 
20 11 20 11 20 11 11 11 20 17 11 20 20 20 17 17 17 17 11 11 17 17 11 17 11 20 17 11 11 11 11 11 20 11 20 20 11 11 11 17 17 20 11 20 11 17 17 20 11 20 11 17 17 11 20 20 17 11 11 17 17 11 20 11 11 17 17 17 11 17 20 20 17 17 17 20 17 20 17 17 20 17 20 0 0 0 0 0 20 0 0 0 0 0 0 0 0 0 0 20 20 0 0 0 0 0 0 0 20 20 0 0 0 0 0 0 0 0 0 24 5 20 5 13 13 5 5 24 5 5 5 5 24 5 13 14 14 5 13 14 0 14 13 14 14 5 5 5 14 5 

File : Instances/p39
Used 0.015622s
22812

1 0 0 0 0 1 0 0 0 0 0 1 0 1 1 0 0 1 0 0 1 0 0 0 0 0 0 0 0 0 
20 11 20 11 20 11 11 11 20 11 11 20 20 20 11 20 11 11 11 11 11 11 11 11 11 20 11 11 11 11 11 11 20 11 20 20 11 11 11 11 0 20 0 20 0 0 0 20 0 20 0 0 0 0 20 20 0 0 0 20 0 0 20 0 0 0 0 0 0 0 20 20 0 0 0 20 0 20 0 0 20 0 20 0 0 17 17 17 20 17 17 17 17 17 17 11 17 17 17 20 20 17 17 17 17 17 17 17 20 17 17 17 17 17 17 17 17 17 17 17 5 5 5 13 13 5 5 5 5 5 5 5 5 5 13 14 14 5 13 14 5 14 13 14 14 5 5 5 14 5 

File : Instances/p40
Used 0.015623s
28010

1 0 0 0 0 1 0 0 1 0 0 1 0 0 0 0 0 1 0 0 1 0 0 0 0 0 0 0 0 0 
20 11 20 11 20 11 11 11 20 11 11 20 20 20 11 20 11 11 11 11 11 11 11 11 11 20 11 11 11 11 11 11 20 11 20 20 11 11 11 11 0 20 0 20 0 0 0 20 0 20 0 0 0 0 20 20 0 0 0 20 0 0 20 0 0 0 0 0 0 0 20 20 0 0 0 20 0 20 0 0 20 0 20 0 0 17 17 17 20 17 17 17 17 17 17 11 17 17 17 20 20 17 17 17 17 17 17 17 20 17 17 17 17 17 17 17 17 17 17 17 5 5 5 5 5 5 5 5 5 5 5 5 5 5 5 5 5 5 5 5 5 5 5 5 8 5 5 5 5 5 

File : Instances/p41
Used 0.004984s
14970

1 1 0 1 0 1 0 1 1 1 
8 8 8 8 8 8 8 8 8 5 5 5 5 5 5 5 5 5 5 5 5 5 5 5 5 5 9 5 9 9 9 9 9 9 8 1 1 1 1 1 1 1 5 1 3 1 3 3 3 3 1 3 3 3 3 3 3 3 3 3 3 3 3 3 3 3 3 3 3 3 3 0 0 0 0 0 0 0 0 7 7 7 7 7 7 7 7 7 7 7 

File : Instances/p42
Used 0.00798s
13188

0 1 0 0 0 1 0 0 1 1 0 0 1 1 1 1 0 0 0 0 
12 12 12 12 12 12 12 12 1 1 1 1 1 1 1 12 8 8 8 8 8 8 8 8 14 14 14 14 14 8 14 14 14 9 14 9 9 9 1 9 9 9 13 13 13 9 13 13 13 13 13 13 13 13 13 13 13 13 13 5 5 5 13 5 5 5 5 5 5 5 5 5 14 5 15 15 15 15 15 15 

File : Instances/p43
Used 0.01097s
9825

0 1 0 0 0 1 1 0 0 1 0 0 1 0 0 0 0 0 0 0 0 1 0 0 0 0 0 0 1 0 
12 12 12 12 12 12 12 21 21 21 21 21 21 21 21 6 21 21 6 6 6 6 21 6 6 6 6 6 6 6 6 6 21 6 6 6 6 6 6 6 28 28 28 28 28 28 28 28 9 9 9 9 9 1 1 1 9 1 1 5 5 1 5 5 1 5 5 5 5 5 

File : Instances/p44
Used 0.004988s
14009

1 1 0 1 1 1 0 0 1 1 
5 5 5 5 5 5 5 5 5 5 0 0 0 0 0 0 0 5 0 1 1 1 1 8 8 8 8 8 8 8 9 9 9 9 3 3 3 3 3 3 5 0 1 9 3 3 0 5 3 3 3 3 3 9 8 1 3 3 3 3 3 4 3 4 0 0 4 4 5 4 4 4 4 4 4 4 4 4 4 4 4 4 4 3 4 4 4 4 4 4 

File : Instances/p45
Used 0.007979s
12474

1 1 0 0 0 1 0 0 1 1 0 0 1 1 0 1 0 0 0 0 
0 0 0 0 0 0 0 0 0 1 1 1 1 1 1 12 12 12 12 1 9 9 9 9 9 9 9 8 8 8 8 8 5 5 5 5 5 5 5 5 5 5 5 5 1 5 5 13 13 5 13 13 13 13 13 13 13 0 13 13 13 13 15 13 13 15 15 12 15 15 15 15 13 15 8 15 15 15 15 15 

File : Instances/p46
Used 0.009964s
10891

1 1 0 0 0 0 0 0 1 1 0 0 1 0 1 0 0 0 0 0 0 1 0 0 1 0 0 0 1 0 
0 0 0 0 0 0 0 0 1 1 1 1 1 1 28 28 28 28 21 21 21 28 21 21 21 21 21 8 8 8 8 8 0 9 9 9 9 9 9 28 9 12 12 12 12 12 12 14 14 14 14 14 14 1 24 14 14 24 24 24 24 24 24 0 24 24 24 24 24 24 

File : Instances/p47
Used 0.004986s
11727

1 1 1 0 0 1 0 1 1 1 
0 0 0 0 0 0 0 0 0 0 0 1 1 1 1 9 1 0 9 9 9 9 9 9 9 2 2 2 2 2 2 2 2 2 2 2 2 2 2 2 2 2 2 2 2 2 2 2 2 2 5 5 5 5 5 5 5 5 5 5 5 5 5 8 8 8 8 8 7 7 7 7 7 7 7 7 7 7 7 7 7 7 7 7 7 7 7 7 7 7 

File : Instances/p48
Used 0.008945s
8852

1 1 0 0 0 1 0 0 1 1 0 0 1 1 1 0 0 1 0 0 
1 1 1 1 1 1 1 0 0 0 0 0 0 0 0 8 8 8 8 8 8 5 5 5 5 5 5 5 5 5 5 8 5 5 5 5 5 5 9 9 9 9 9 9 9 12 12 12 12 13 12 13 13 12 13 13 13 13 13 13 13 13 13 13 14 14 14 14 14 17 17 17 17 17 17 17 17 17 17 17 

File : Instances/p49
Used 0.003273s
7943

1 1 0 0 0 0 0 0 0 1 0 0 1 0 1 0 0 1 0 0 0 1 0 0 0 0 0 0 1 1 
1 1 1 1 1 1 1 0 0 0 0 0 0 0 0 0 0 14 14 14 14 14 14 9 9 9 9 9 9 9 12 12 12 12 12 12 12 17 17 17 17 17 17 17 17 17 17 17 17 17 17 17 17 21 21 21 21 21 21 21 28 28 28 28 28 28 28 29 29 28 

File : Instances/p50
Used 0.005016s
18520

1 1 0 1 0 1 0 1 1 1 
8 8 8 8 8 8 8 8 8 5 5 5 5 5 5 5 5 5 5 5 5 5 5 8 5 5 1 1 5 1 1 1 1 3 3 5 3 3 3 3 3 3 3 3 3 1 3 3 3 3 3 3 3 3 3 3 3 3 3 1 3 9 9 9 9 9 9 0 0 0 0 0 0 0 0 0 0 3 0 0 7 7 9 7 7 7 7 7 7 7 9 0 7 7 7 7 7 7 7 7 

File : Instances/p51
Used 0s
17031

1 1 0 0 0 0 1 0 1 1 0 0 1 1 1 1 0 0 0 0 
1 1 1 1 1 1 1 1 1 8 8 8 8 8 8 12 12 12 12 1 12 12 14 14 14 14 12 14 14 14 9 9 14 14 9 8 8 9 9 9 12 9 13 13 13 12 13 13 13 13 13 13 13 13 13 13 13 13 0 13 13 0 0 0 0 0 0 0 0 13 15 15 0 15 15 15 15 15 15 15 15 15 15 15 15 15 6 6 6 15 12 6 6 6 6 6 6 6 6 6 

File : Instances/p52
Used 0.005985s
17892

0 0 0 1 1 1 0 1 1 1 
7 7 7 7 7 7 7 7 7 7 7 7 7 7 7 7 7 7 7 7 8 8 8 8 8 9 9 9 9 9 9 9 9 5 5 5 5 5 5 5 5 5 5 5 5 5 4 4 4 4 4 8 4 4 4 4 4 4 4 4 4 4 4 4 4 4 4 4 4 4 4 4 4 4 4 4 4 3 3 3 4 3 3 3 5 3 3 3 3 3 3 3 3 3 3 3 3 4 3 4 

File : Instances/p53
Used 0.009974s
19483

0 1 0 0 0 1 1 1 1 1 0 0 1 0 1 1 0 0 0 0 
5 5 5 5 5 5 5 5 5 5 1 1 1 1 1 5 7 7 7 1 7 7 7 7 7 9 9 9 9 9 9 9 9 7 7 7 5 7 7 7 7 7 7 7 7 7 6 6 6 6 6 1 6 6 6 6 6 6 6 6 6 1 6 6 6 6 6 14 14 14 14 14 6 6 14 12 12 12 12 14 8 8 8 8 12 8 8 8 15 6 15 15 15 15 15 15 15 15 15 14 

File : Instances/p54
Used 0s
12040

1 1 1 1 1 0 1 0 0 1 
9 9 9 9 9 9 9 1 9 1 1 1 1 1 2 2 2 2 2 1 2 2 2 2 2 2 2 2 2 2 2 2 3 3 3 3 3 3 3 3 3 3 3 3 3 3 3 3 3 3 3 3 3 3 2 6 6 6 6 6 6 6 6 6 6 6 6 6 6 6 0 0 0 0 2 0 0 0 0 0 0 4 4 4 4 4 4 4 4 4 4 4 4 4 4 4 4 4 4 4 

File : Instances/p55
Used 0.010969s
12606

0 0 1 0 0 0 1 0 1 1 1 0 1 1 1 0 0 1 0 0 
8 8 8 8 8 8 8 12 12 12 12 12 12 2 2 2 2 2 2 2 2 2 2 2 2 2 2 2 2 2 2 2 14 14 14 14 14 6 6 6 6 6 14 6 6 6 14 6 6 6 6 6 6 6 6 6 10 10 10 10 10 10 10 10 10 10 10 10 10 10 10 10 10 9 9 9 9 9 9 6 13 13 13 13 13 13 13 13 13 13 13 13 17 17 17 17 17 17 17 17 

File : Instances/p56
Used 0.025959s
54407

0 1 1 0 1 1 1 1 1 0 0 0 1 0 0 1 1 0 1 1 1 1 0 0 0 1 0 0 1 1 
18 18 18 18 18 18 18 18 18 18 4 4 4 1 4 18 1 1 18 18 4 18 1 1 1 18 1 4 4 1 4 4 4 1 4 4 1 1 1 16 16 4 4 4 8 8 8 16 8 8 16 16 16 16 8 8 16 8 16 16 8 16 16 8 8 16 8 8 28 28 28 28 28 28 28 28 28 28 20 28 20 20 20 25 20 20 28 20 25 25 25 25 25 25 20 20 25 25 20 25 20 15 25 25 20 15 25 15 15 1 19 19 19 19 19 19 19 25 19 19 19 19 19 6 6 15 15 6 6 6 6 15 6 6 15 6 15 6 6 6 12 15 12 12 12 1 15 21 21 12 21 21 21 21 6 12 21 21 21 21 21 21 12 12 21 12 5 12 5 21 5 5 12 5 5 5 5 5 29 5 5 2 2 29 29 29 2 2 2 2 2 21 29 29 7 7 7 2 2 29 

File : Instances/p57
Used 0.02594s
76688

1 0 0 1 0 1 1 1 1 0 0 1 1 1 0 0 0 0 1 1 1 0 0 0 1 1 0 1 1 0 
18 18 18 18 18 18 18 18 18 18 18 18 13 13 18 18 13 13 13 13 13 13 13 13 13 13 13 19 19 19 19 19 19 19 19 19 19 19 19 19 19 13 6 6 6 6 19 6 6 6 6 6 6 6 6 6 11 11 11 11 11 11 11 11 11 11 11 11 28 28 28 28 28 28 28 28 28 28 8 28 8 8 8 8 8 8 28 8 11 8 8 8 25 25 25 25 25 25 25 25 25 25 25 25 25 0 0 0 0 8 0 25 0 0 0 0 0 0 0 20 20 0 20 20 20 20 20 20 20 20 20 24 24 24 24 24 24 24 24 24 24 24 24 20 7 24 7 7 7 7 7 7 7 7 7 12 12 7 12 12 12 12 12 12 12 12 12 12 3 3 3 3 12 3 3 3 3 3 3 3 5 5 5 12 5 5 5 5 5 5 5 5 5 5 27 27 27 5 27 27 

File : Instances/p58
Used 0.027953s
87888

1 0 0 1 0 1 1 1 1 0 0 1 1 1 0 0 0 0 1 1 1 0 0 0 1 1 0 1 1 0 
18 18 18 18 18 18 18 18 18 18 18 18 13 13 18 18 13 13 13 13 13 13 13 13 13 13 13 19 19 19 19 19 19 19 19 19 19 19 19 19 19 13 6 6 6 6 19 6 6 6 6 6 6 6 6 6 11 11 11 11 11 11 11 11 11 11 11 11 28 28 28 28 28 28 28 28 28 28 8 28 8 8 8 8 8 8 28 8 11 8 8 8 25 25 25 25 25 25 25 25 25 25 25 25 25 0 0 0 0 8 0 25 0 0 0 0 0 0 0 20 20 0 20 20 20 20 20 20 20 20 20 24 24 24 24 24 24 24 24 24 24 24 24 20 7 24 7 7 7 7 7 7 7 7 7 12 12 7 12 12 12 12 12 12 12 12 12 12 3 3 3 3 12 3 3 3 3 3 3 3 5 5 5 12 5 5 5 5 5 5 5 5 5 5 27 27 27 5 27 27 

File : Instances/p59
Used 0.02593s
80092

0 0 1 0 1 0 1 0 0 0 0 0 1 1 1 1 1 1 1 1 0 0 0 1 1 1 0 0 1 1 
18 18 18 18 18 18 18 18 18 18 18 18 23 23 18 18 23 23 23 23 23 23 23 23 23 23 23 28 28 28 28 28 28 28 28 28 28 28 28 28 28 23 6 6 6 6 28 6 6 6 6 6 6 6 6 6 17 17 17 17 17 17 17 17 17 17 17 17 4 4 4 4 4 4 4 4 4 4 13 17 13 13 4 13 13 13 17 13 13 13 13 13 25 25 25 25 25 25 25 25 25 25 25 25 25 24 24 24 24 13 24 25 24 24 24 24 24 24 24 29 29 24 29 29 29 29 29 29 29 29 29 2 2 2 2 2 2 2 2 2 2 2 2 29 12 2 12 12 12 12 12 12 12 12 12 14 14 14 14 14 14 14 14 14 14 14 14 14 12 16 16 16 16 16 16 16 16 16 16 16 16 15 15 15 15 15 15 15 15 15 15 15 15 15 15 19 19 19 19 19 

File : Instances/p60
Used 0.019138s
52296

0 1 0 0 1 1 0 1 1 0 0 0 0 0 0 0 1 0 1 0 1 0 0 1 0 1 0 0 0 1 
18 18 18 18 18 18 18 18 18 18 4 4 4 1 4 18 1 1 18 18 18 18 1 18 1 18 18 4 4 1 4 4 4 18 18 4 1 1 18 1 4 4 4 4 1 4 1 1 4 4 18 1 1 1 1 4 4 4 4 7 29 1 7 1 1 7 7 29 29 7 7 7 29 29 29 23 23 23 23 7 23 23 29 7 29 23 29 23 7 7 7 29 7 7 23 23 7 7 23 7 23 23 7 7 29 23 29 23 23 1 29 29 23 29 29 29 29 29 29 8 8 29 8 8 8 16 16 16 8 8 7 16 16 8 8 8 8 8 23 8 8 16 8 16 25 16 16 16 16 25 16 8 16 16 20 25 16 16 8 20 20 16 20 16 20 25 20 20 20 20 20 20 20 20 20 20 20 20 20 20 5 5 5 25 25 5 25 5 5 5 5 5 25 25 25 25 25 5 5 25 

File : Instances/p61
Used 0.02593s
77952

0 0 1 1 0 0 1 1 1 0 0 1 1 0 0 0 1 0 1 0 0 0 0 0 0 0 0 1 1 0 
18 18 18 18 18 18 18 18 18 18 18 18 18 18 18 18 18 18 18 18 27 27 27 27 27 18 27 27 27 27 27 27 27 27 27 27 27 27 27 27 27 27 6 6 6 6 6 6 6 6 27 6 6 6 6 6 6 6 6 6 6 6 7 6 7 7 7 7 7 7 7 7 7 7 7 7 7 7 7 16 16 16 16 16 16 16 16 16 16 16 16 16 16 16 16 16 16 16 16 16 28 28 28 28 28 28 28 28 28 28 28 28 28 28 28 28 28 28 28 8 8 16 8 8 8 8 8 8 8 8 28 8 8 8 8 8 8 3 8 3 3 3 3 3 3 3 3 3 3 3 3 3 3 3 3 11 3 11 3 3 11 11 11 11 11 11 11 11 11 11 11 11 11 11 11 2 2 2 2 2 2 2 2 11 2 2 2 2 2 2 2 2 2 11 2 12 12 2 12 12 

File : Instances/p62
Used 0.023771s
85652

0 0 1 1 0 0 1 1 1 0 0 1 1 0 0 0 1 0 1 0 0 0 0 0 0 0 0 1 1 0 
18 18 18 18 18 18 18 18 18 18 18 18 18 18 18 18 18 18 18 18 27 27 27 27 27 18 27 27 27 27 27 27 27 27 27 27 27 27 27 27 27 27 6 6 6 6 6 6 6 6 27 6 6 6 6 6 6 6 6 6 6 6 7 6 7 7 7 7 7 7 7 7 7 7 7 7 7 7 7 16 16 16 16 16 16 16 16 16 16 16 16 16 16 16 16 16 16 16 16 16 28 28 28 28 28 28 28 28 28 28 28 28 28 28 28 28 28 28 28 8 8 16 8 8 8 8 8 8 8 8 28 8 8 8 8 8 8 3 8 3 3 3 3 3 3 3 3 3 3 3 3 3 3 3 3 11 3 11 3 3 11 11 11 11 11 11 11 11 11 11 11 11 11 11 11 2 2 2 2 2 2 2 2 11 2 2 2 2 2 2 2 2 2 11 2 12 12 2 12 12 

File : Instances/p63
Used 0.026924s
69398

0 0 1 0 1 0 1 0 0 0 0 0 0 1 0 0 0 1 1 0 0 0 0 1 1 1 0 0 1 1 
18 18 18 18 18 18 18 18 18 18 18 18 18 18 18 18 18 18 18 18 28 18 28 28 28 28 28 28 28 28 28 28 28 28 28 28 28 28 28 28 28 28 6 6 6 6 6 6 6 6 6 18 6 6 6 6 6 6 6 6 6 6 25 28 25 25 25 25 25 25 25 25 25 25 25 25 25 25 25 24 24 24 24 24 29 24 29 24 24 24 24 29 24 24 24 24 24 29 24 24 24 24 29 24 29 29 29 24 29 29 29 29 29 29 29 29 29 29 29 23 23 29 23 23 29 23 23 23 23 23 23 23 23 23 23 23 23 13 23 13 13 13 13 13 13 23 13 13 13 13 13 13 13 13 13 13 17 17 17 17 17 17 17 17 17 17 17 17 17 17 17 17 17 17 17 2 2 2 4 2 2 2 2 17 4 4 4 17 2 2 2 2 4 4 4 4 2 2 2 4 

File : Instances/p64
Used 0.026929s
51047

0 1 0 1 1 0 0 1 0 0 0 0 0 0 0 1 0 0 1 0 0 1 0 0 0 0 1 0 0 1 
18 18 18 18 18 18 18 18 18 18 4 4 4 1 4 18 1 1 18 18 18 18 1 18 1 18 18 4 4 1 4 4 4 18 18 4 1 1 18 18 18 4 4 4 1 4 1 18 4 4 18 18 18 18 1 4 4 4 4 4 4 1 7 1 1 7 1 4 4 7 7 4 4 4 1 1 1 1 1 18 1 1 1 7 29 1 29 1 7 7 7 29 7 7 7 3 7 7 3 7 7 15 7 7 29 15 29 15 7 3 29 29 7 7 7 3 7 7 3 3 29 7 7 29 29 15 15 29 29 3 7 15 29 3 3 3 3 3 29 3 29 15 29 29 29 15 15 15 15 29 15 3 3 15 3 29 15 15 3 3 3 15 3 15 3 15 3 29 3 15 3 3 29 3 29 15 15 29 26 26 15 15 26 26 26 26 26 3 15 21 21 21 26 29 21 26 21 15 26 26 

File : Instances/p65
Used 0.0233s
76163

0 0 0 0 1 0 0 0 0 0 0 1 0 0 0 1 1 0 1 1 1 0 0 0 0 0 0 0 0 1 
18 18 18 18 18 18 18 18 18 18 18 18 18 18 18 18 18 18 18 18 18 18 18 18 18 18 18 19 19 19 19 19 19 18 19 19 19 19 19 19 19 19 19 19 19 19 19 19 19 19 19 19 19 19 19 19 11 11 11 11 11 11 11 11 11 11 11 11 11 11 11 11 11 11 11 11 11 11 11 16 16 16 16 16 16 16 19 16 16 16 16 16 16 16 16 16 16 16 16 16 16 16 16 16 16 16 4 4 4 4 4 4 4 4 4 4 4 16 4 4 4 4 4 4 4 4 4 4 4 4 16 4 4 20 20 20 20 20 20 20 20 20 20 20 20 20 20 20 20 20 20 20 20 20 20 20 20 15 20 15 15 15 15 15 15 15 15 15 15 15 15 15 15 15 15 15 15 15 29 29 15 15 15 29 29 29 29 15 15 29 15 29 29 29 29 29 29 29 29 29 

File : Instances/p66
Used 0.012643s
81005

0 0 1 0 1 0 0 0 0 0 0 1 0 0 0 1 1 0 1 1 1 0 0 0 0 0 0 0 0 0 
18 18 18 18 18 18 18 18 18 18 18 18 18 18 18 18 18 18 18 18 18 18 18 18 18 18 18 19 19 19 19 19 19 18 19 19 19 19 19 19 19 19 19 19 19 19 19 19 19 19 19 19 19 19 19 19 11 11 11 11 11 11 11 11 11 11 11 11 11 11 11 11 11 11 11 11 11 11 11 16 16 16 16 16 16 16 19 16 16 16 16 16 16 16 16 16 16 16 16 16 16 16 16 16 16 16 4 4 4 4 4 4 4 4 4 4 4 16 4 4 4 4 4 4 4 4 4 4 4 4 16 4 4 20 20 20 20 20 20 20 20 20 20 20 20 20 20 20 20 20 20 20 20 20 20 20 20 15 20 15 15 15 15 15 15 15 15 15 15 15 15 15 15 15 15 15 15 15 15 15 15 15 2 2 2 2 2 2 2 2 2 2 2 2 2 2 2 15 2 2 

File : Instances/p67
Used 0.017105s
72218

0 0 0 0 1 0 1 0 0 0 1 0 0 1 1 0 0 1 1 0 0 0 0 1 0 1 0 0 1 1 
18 18 18 18 18 18 18 18 18 18 4 4 4 18 4 18 4 4 18 18 18 18 18 18 4 18 18 4 4 4 4 4 4 18 4 4 4 4 4 4 6 4 6 6 6 6 6 6 6 6 18 6 6 6 6 6 6 6 6 6 6 28 28 6 28 28 28 28 28 28 28 28 28 6 28 28 28 23 23 28 23 23 28 23 23 23 6 23 23 23 23 23 23 23 23 23 23 23 17 17 17 17 17 17 17 17 17 17 17 17 17 17 17 17 17 17 17 17 13 13 13 13 13 13 17 13 13 13 13 13 28 13 13 13 13 13 10 10 10 10 10 10 10 10 10 10 10 10 10 10 10 10 10 10 29 29 29 29 10 29 29 29 29 29 29 29 29 29 29 29 29 29 29 29 14 14 14 14 14 14 14 14 14 14 14 14 14 14 14 14 14 14 14 29 25 25 25 14 25 25 

File : Instances/p68
Used 0.026925s
56007

0 1 0 0 1 0 1 0 1 0 0 0 0 0 0 1 0 0 1 1 0 0 0 1 0 1 0 1 1 1 
18 18 18 18 18 18 18 18 18 18 4 4 4 1 4 18 1 1 18 18 18 18 1 18 1 18 1 4 4 1 4 4 4 18 4 4 1 1 1 1 4 4 4 4 1 1 1 1 4 1 1 18 1 1 1 6 6 4 6 6 6 6 6 1 6 6 6 6 6 25 25 25 25 6 25 23 23 23 23 23 23 23 23 25 25 23 6 23 25 25 25 25 25 25 23 23 25 23 23 25 28 28 28 28 28 28 28 28 28 28 28 28 27 27 27 28 27 25 27 8 8 27 27 8 8 27 27 27 8 27 27 27 27 8 8 8 8 8 27 8 27 27 27 27 27 27 27 27 8 27 8 8 8 8 8 8 8 15 8 8 8 15 8 15 15 15 15 29 15 15 15 29 29 29 29 15 15 29 29 29 15 15 15 29 29 29 29 15 15 15 15 15 29 19 19 19 19 15 19 19 

File : Instances/p69
Used 0.0232s
78451

0 1 0 0 0 0 0 0 1 1 0 0 1 1 1 0 0 0 1 0 0 0 0 0 0 0 1 1 1 1 
18 18 18 18 18 18 18 18 18 18 18 18 18 18 18 18 1 1 1 18 1 18 1 1 1 1 1 1 1 1 1 1 1 1 1 1 1 1 1 1 1 9 9 9 9 9 9 9 9 9 9 9 9 9 9 9 9 9 9 9 9 9 9 9 9 9 9 14 14 14 14 14 14 9 14 14 14 14 14 14 14 14 14 14 29 29 29 29 29 29 29 29 29 29 29 29 29 29 29 28 28 28 28 28 28 28 28 28 28 28 28 28 27 27 27 27 27 27 27 27 27 27 27 27 27 27 27 27 27 27 27 27 27 27 27 8 8 8 8 8 8 8 8 8 8 8 8 8 8 8 8 8 8 8 8 8 8 8 8 8 13 13 13 13 13 13 13 13 13 13 13 13 13 13 26 26 26 13 26 26 26 26 26 26 26 26 26 26 26 26 26 26 26 26 26 12 12 26 12 12 

File : Instances/p70
Used 0.026926s
86151

0 1 0 0 0 0 0 0 1 1 0 0 1 1 1 0 0 0 1 0 0 0 0 0 0 0 1 1 1 1 
18 18 18 18 18 18 18 18 18 18 18 18 18 18 18 18 1 1 1 18 1 18 1 1 1 1 1 1 1 1 1 1 1 1 1 1 1 1 1 1 1 9 9 9 9 9 9 9 9 9 9 9 9 9 9 9 9 9 9 9 9 9 9 9 9 9 9 14 14 14 14 14 14 9 14 14 14 14 14 14 14 14 14 14 29 29 29 29 29 29 29 29 29 29 29 29 29 29 29 28 28 28 28 28 28 28 28 28 28 28 28 28 27 27 27 27 27 27 27 27 27 27 27 27 27 27 27 27 27 27 27 27 27 27 27 8 8 8 8 8 8 8 8 8 8 8 8 8 8 8 8 8 8 8 8 8 8 8 8 8 13 13 13 13 13 13 13 13 13 13 13 13 13 13 26 26 26 13 26 26 26 26 26 26 26 26 26 26 26 26 26 26 26 26 26 12 12 26 12 12 

File : Instances/p71
Used 0.02024s
70258

0 0 1 0 1 0 1 0 0 0 1 0 0 1 1 0 0 1 1 0 0 0 0 1 1 1 0 0 1 1 
18 18 18 18 18 18 18 18 18 18 18 18 18 18 18 18 23 23 23 18 23 18 23 23 23 23 23 23 23 23 23 23 4 4 4 4 4 4 4 4 4 4 4 4 4 4 4 4 28 28 28 28 28 28 28 28 28 28 28 28 28 17 17 17 17 28 17 17 17 17 17 17 17 29 29 29 29 29 29 29 29 29 29 29 29 29 29 24 24 24 24 29 24 24 24 24 24 24 24 24 24 24 24 24 6 6 6 6 6 6 6 6 6 6 6 6 6 6 14 14 14 6 14 14 14 14 14 14 14 14 28 14 14 14 14 13 13 13 14 13 13 13 13 13 13 13 13 13 13 13 2 2 13 2 2 2 2 2 13 14 2 2 2 2 2 2 2 2 2 2 10 10 10 10 10 10 10 10 10 10 10 10 10 10 10 10 25 10 25 25 10 25 25 29 25 25 25 25 25 25 

