File : Instances/p71
Use 176 s

In trim
30258

0 0 1 1 0 0 1 0 1 0 1 1 1 0 0 0 1 0 1 1 0 1 0 1 1 1 1 1 1 1 

18 19 21 27 2 12 21 27 18 28 
29 28 10 3 28 18 3 10 27 27 
18 16 23 24 10 18 27 19 29 2 
19 19 26 16 27 6 8 8 24 16 
18 8 6 26 8 19 3 21 19 10 
24 16 24 16 8 6 11 8 18 25 
29 2 18 8 3 11 23 19 19 25 
18 12 19 8 23 23 10 23 8 16 
10 2 26 25 29 10 6 2 27 25 
28 6 25 25 2 3 11 6 2 28 
28 21 25 18 29 24 29 24 27 3 
19 29 27 12 12 8 28 25 28 8 
26 11 28 19 26 16 2 11 26 10 
28 24 25 10 23 8 3 3 28 10 
12 27 11 11 25 2 24 21 27 25 
24 28 23 28 8 11 2 16 3 3 
3 27 10 24 23 27 23 29 3 21 
23 8 19 10 26 2 24 10 29 10 
2 21 2 19 12 8 28 23 27 21 
2 21 6 29 25 12 25 21 10 19 

